labels 1 2 3 8 10 0
1 0.971874 0.00468173 0.00480233 0.00441138 0.00531661 0.00891371
2 0.0273754 0.832205 0.0164696 0.0124086 0.0480529 0.0634887
1 0.971874 0.00468173 0.00480233 0.00441138 0.00531661 0.00891371
2 0.0136348 0.925871 0.00942123 0.00703227 0.0211243 0.0229159
2 0.0122096 0.92064 0.0116463 0.008012 0.0221378 0.0253541
1 0.971874 0.00468173 0.00480233 0.00441138 0.00531661 0.00891371
3 0.0327326 0.0405606 0.63803 0.0249192 0.0397986 0.223959
1 0.971874 0.00468173 0.00480233 0.00441138 0.00531661 0.00891371
1 0.965518 0.00936649 0.00374964 0.00728738 0.00715726 0.00692088
2 0.00883204 0.934076 0.0114731 0.0107503 0.00957352 0.0252952
1 0.971874 0.00468173 0.00480233 0.00441138 0.00531661 0.00891371
1 0.963463 0.00833887 0.00381959 0.00976471 0.00471647 0.00989774
2 0.0039979 0.972556 0.00738268 0.00635427 0.00369994 0.00600932
2 0.00683168 0.955902 0.011105 0.00568769 0.00874722 0.0117261
1 0.971874 0.00468173 0.00480233 0.00441138 0.00531661 0.00891371
1 0.959116 0.0134154 0.00416288 0.00763718 0.00685098 0.00881723
2 0.00863473 0.848428 0.0104659 0.0310344 0.0099078 0.0915288
2 0.0106711 0.933574 0.00881617 0.0296041 0.00783232 0.00950189
2 0.00246651 0.981518 0.00393107 0.0010468 0.0057247 0.00531269
1 0.971874 0.00468173 0.00480233 0.00441138 0.00531661 0.00891371
1 0.97042 0.0048418 0.00557154 0.00455743 0.00693275 0.00767637
8 0.0115467 0.00681921 0.0508173 0.873005 0.00903695 0.0487752
1 0.954777 0.0149593 0.0111506 0.00734311 0.00448846 0.00728178
3 0.0156936 0.0810635 0.81255 0.0217805 0.00852013 0.060392
1 0.971874 0.00468173 0.00480233 0.00441138 0.00531661 0.00891371
1 0.974713 0.00786655 0.00275723 0.00624344 0.00413993 0.00427949
2 0.0179919 0.870715 0.016027 0.00904547 0.0115118 0.0747092
1 0.971874 0.00468173 0.00480233 0.00441138 0.00531661 0.00891371
1 0.972723 0.00725728 0.00289069 0.00855626 0.0029065 0.00566632
2 0.00930733 0.953557 0.0105439 0.00589809 0.00447659 0.0162167
2 0.00955153 0.940507 0.0164025 0.00604213 0.00870496 0.0187917
1 0.971874 0.00468173 0.00480233 0.00441138 0.00531661 0.00891371
1 0.977206 0.00168574 0.00528189 0.00661697 0.00370005 0.00550955
1 0.961169 0.0065951 0.0137074 0.00554167 0.00308552 0.00990134
3 0.0155683 0.0599045 0.839474 0.0185114 0.00584801 0.0606933
1 0.971874 0.00468173 0.00480233 0.00441138 0.00531661 0.00891371
1 0.971874 0.00468173 0.00480233 0.00441138 0.00531661 0.00891371
1 0.971874 0.00468173 0.00480233 0.00441138 0.00531661 0.00891371
1 0.971874 0.00468173 0.00480233 0.00441138 0.00531661 0.00891371
1 0.971874 0.00468173 0.00480233 0.00441138 0.00531661 0.00891371
1 0.971874 0.00468173 0.00480233 0.00441138 0.00531661 0.00891371
10 0.0124381 0.0203664 0.0178045 0.013961 0.915362 0.0200682
10 0.010301 0.00819798 0.0139909 0.0156394 0.942383 0.00948749
1 0.960734 0.0116872 0.00407893 0.00870444 0.0109326 0.00386297
2 0.00602431 0.967971 0.00840902 0.00411632 0.00514668 0.00833249
1 0.971874 0.00468173 0.00480233 0.00441138 0.00531661 0.00891371
1 0.971874 0.00468173 0.00480233 0.00441138 0.00531661 0.00891371
1 0.971874 0.00468173 0.00480233 0.00441138 0.00531661 0.00891371
1 0.971874 0.00468173 0.00480233 0.00441138 0.00531661 0.00891371
1 0.971874 0.00468173 0.00480233 0.00441138 0.00531661 0.00891371
10 0.0137015 0.0304234 0.0203688 0.0140588 0.901949 0.0194987
10 0.0109744 0.0133533 0.0175443 0.0137253 0.934753 0.00964945
10 0.0149276 0.010983 0.0152361 0.0196363 0.928385 0.0108318
1 0.952351 0.0212379 0.00560704 0.00669979 0.0096259 0.00447873
2 0.00609062 0.967527 0.00919408 0.0040586 0.00504171 0.00808795
1 0.971874 0.00468173 0.00480233 0.00441138 0.00531661 0.00891371
1 0.971874 0.00468173 0.00480233 0.00441138 0.00531661 0.00891371
1 0.971874 0.00468173 0.00480233 0.00441138 0.00531661 0.00891371
1 0.975621 0.00281849 0.00275618 0.00508703 0.0049152 0.00880181
1 0.949963 0.00804748 0.00556185 0.00579549 0.0028699 0.0277624
1 0.97242 0.00272051 0.00273622 0.00633917 0.00680455 0.00897985
1 0.925256 0.00667241 0.00632564 0.016411 0.00458726 0.0407479
1 0.867605 0.0325928 0.0234463 0.0137952 0.00342276 0.0591377
1 0.971874 0.00468173 0.00480233 0.00441138 0.00531661 0.00891371
1 0.982968 0.00175651 0.00340648 0.0050007 0.00316973 0.00369854
1 0.974701 0.0023908 0.0117915 0.00214953 0.00234624 0.00662118
3 0.00549564 0.00413349 0.959592 0.0077194 0.00252942 0.0205301
3 0.00658583 0.00274173 0.967402 0.0104194 0.00269424 0.0101569
3 0.00542166 0.00263199 0.983447 0.00327126 0.001678 0.00355033
3 0.00362234 0.00542036 0.980675 0.00330283 0.00259678 0.00438234
3 0.00499643 0.0132219 0.94966 0.00774201 0.00566105 0.0187187
1 0.97242 0.00272051 0.00273622 0.00633917 0.00680455 0.00897985
1 0.964987 0.0029976 0.00536749 0.00703533 0.0032882 0.0163244
1 0.948889 0.00394104 0.0299019 0.00517841 0.00250508 0.00958437
3 0.00573226 0.00474612 0.951545 0.0133031 0.00329581 0.0213778
3 0.00658583 0.00274173 0.967402 0.0104194 0.00269424 0.0101569
3 0.00542166 0.00263199 0.983447 0.00327126 0.001678 0.00355033
3 0.00362234 0.00542036 0.980675 0.00330283 0.00259678 0.00438234
3 0.00499643 0.0132219 0.94966 0.00774201 0.00566105 0.0187187
1 0.980685 0.00384734 0.00314242 0.00469449 0.00401522 0.00361563
0 0.0142302 0.0070194 0.0131505 0.0269546 0.0127616 0.925884
1 0.970305 0.00218101 0.00704004 0.00577999 0.00453053 0.0101634
1 0.956861 0.00419261 0.0200204 0.00637813 0.00291408 0.00963391
3 0.00528061 0.00566383 0.950511 0.0191764 0.0030121 0.0163559
3 0.00486546 0.00391645 0.977022 0.00606247 0.00174666 0.00638668
3 0.00521523 0.00297295 0.983185 0.00338136 0.00172878 0.00351672
3 0.00430205 0.00665867 0.977323 0.00373416 0.00285472 0.00512787
3 0.00499643 0.0132219 0.94966 0.00774201 0.00566105 0.0187187
0 0.0154403 0.00550515 0.0215067 0.0230603 0.0160067 0.918481
1 0.983881 0.00155861 0.00808526 0.00177922 0.00210848 0.00258758
3 0.0111862 0.00452935 0.936031 0.00707017 0.00409941 0.0370841
3 0.00675369 0.00247529 0.971977 0.00645909 0.00212579 0.0102092
3 0.00542166 0.00263199 0.983447 0.00327126 0.001678 0.00355033
3 0.00362234 0.00542036 0.980675 0.00330283 0.00259678 0.00438234
3 0.00499643 0.0132219 0.94966 0.00774201 0.00566105 0.0187187
1 0.973078 0.00419878 0.00413679 0.00505037 0.0049069 0.00862923
8 0.00987057 0.00539896 0.031377 0.886744 0.00823264 0.0583765
1 0.973387 0.00523027 0.0100672 0.00287015 0.00310465 0.00534071
3 0.00599371 0.00509946 0.953787 0.0102989 0.003767 0.0210541
3 0.00658583 0.00274173 0.967402 0.0104194 0.00269424 0.0101569
3 0.00542166 0.00263199 0.983447 0.00327126 0.001678 0.00355033
3 0.00362234 0.00542036 0.980675 0.00330283 0.00259678 0.00438234
3 0.00499643 0.0132219 0.94966 0.00774201 0.00566105 0.0187187
1 0.973078 0.00419878 0.00413679 0.00505037 0.0049069 0.00862923
8 0.00672365 0.00557427 0.0149765 0.8623 0.0177164 0.0927092
1 0.96365 0.00573888 0.00492021 0.00826826 0.00467398 0.0127484
1 0.949327 0.00438475 0.0267646 0.00651451 0.00324865 0.00976089
3 0.00528061 0.00566383 0.950511 0.0191764 0.0030121 0.0163559
3 0.00486546 0.00391645 0.977022 0.00606247 0.00174666 0.00638668
3 0.00521523 0.00297295 0.983185 0.00338136 0.00172878 0.00351672
3 0.00430205 0.00665867 0.977323 0.00373416 0.00285472 0.00512787
3 0.00499643 0.0132219 0.94966 0.00774201 0.00566105 0.0187187
1 0.980257 0.00197102 0.00387756 0.00508027 0.00368111 0.00513329
1 0.976946 0.00234496 0.00960373 0.00265233 0.0019324 0.00652009
3 0.00953983 0.00452914 0.954473 0.00809304 0.00246671 0.0208981
3 0.00321202 0.00171371 0.980126 0.00471264 0.0028344 0.00740151
3 0.00550868 0.00190749 0.977522 0.00636542 0.00258579 0.00611104
3 0.00542166 0.00263199 0.983447 0.00327126 0.001678 0.00355033
3 0.00362234 0.00542036 0.980675 0.00330283 0.00259678 0.00438234
3 0.00499643 0.0132219 0.94966 0.00774201 0.00566105 0.0187187
0 0.0088822 0.00449937 0.0063702 0.0155231 0.0207062 0.944019
1 0.97242 0.00272051 0.00273622 0.00633917 0.00680455 0.00897985
1 0.952408 0.0034231 0.0067555 0.00733043 0.0037992 0.0262836
1 0.954381 0.00379044 0.0236296 0.00628689 0.00205443 0.00985751
3 0.00931983 0.00535706 0.946364 0.0140597 0.00318556 0.0217136
3 0.00326698 0.00219276 0.978187 0.00708467 0.00259029 0.00667839
3 0.00404457 0.0025318 0.984352 0.00371123 0.00163491 0.0037254
3 0.00521523 0.00297295 0.983185 0.00338136 0.00172878 0.00351672
3 0.00430205 0.00665867 0.977323 0.00373416 0.00285472 0.00512787
3 0.00499643 0.0132219 0.94966 0.00774201 0.00566105 0.0187187
1 0.973078 0.00419878 0.00413679 0.00505037 0.0049069 0.00862923
8 0.00873141 0.00570319 0.0318898 0.888118 0.00901654 0.0565415
1 0.97575 0.00486272 0.00845771 0.00321515 0.00249568 0.00521851
3 0.00957258 0.00557854 0.94914 0.0106361 0.00364642 0.0214261
3 0.00326698 0.00219276 0.978187 0.00708467 0.00259029 0.00667839
3 0.00404457 0.0025318 0.984352 0.00371123 0.00163491 0.0037254
3 0.00521523 0.00297295 0.983185 0.00338136 0.00172878 0.00351672
3 0.00430205 0.00665867 0.977323 0.00373416 0.00285472 0.00512787
3 0.00499643 0.0132219 0.94966 0.00774201 0.00566105 0.0187187
3 0.0160785 0.00568775 0.88616 0.0106144 0.0106857 0.070774
3 0.00645138 0.00763961 0.947851 0.0107046 0.00584989 0.0215039
3 0.00539712 0.0119282 0.946442 0.0084141 0.00561028 0.0222084
3 0.0284443 0.00513652 0.895601 0.00946319 0.00883053 0.0525248
3 0.00604097 0.00187054 0.977874 0.00376487 0.00308941 0.00736009
3 0.00351859 0.00158585 0.984727 0.00389985 0.00250821 0.00376049
3 0.00334479 0.00570654 0.978357 0.00400021 0.00294507 0.00564668
3 0.00544251 0.0131989 0.946603 0.00840782 0.00572369 0.0206239
1 0.983827 0.00166623 0.00757621 0.00214269 0.00196804 0.00282007
3 0.0165775 0.00529776 0.912045 0.0090278 0.00425649 0.0527951
3 0.00583012 0.00574915 0.956114 0.00870044 0.00355423 0.0200516
3 0.00539712 0.0119282 0.946442 0.0084141 0.00561028 0.0222084
1 0.984757 0.00265266 0.00458648 0.00354014 0.00203675 0.00242722
0 0.121462 0.0302553 0.281127 0.0399476 0.0172344 0.509974
3 0.0135474 0.00499532 0.919153 0.0123364 0.0051427 0.0448252
3 0.00500304 0.0109433 0.962287 0.00584552 0.00351943 0.0124017
3 0.00528076 0.0127975 0.947383 0.00828304 0.00546161 0.0207943
0 0.0133692 0.00579375 0.0208455 0.0223805 0.0165726 0.921038
1 0.983827 0.00166623 0.00757621 0.00214269 0.00196804 0.00282007
3 0.0156172 0.00624415 0.922343 0.0122713 0.00387618 0.039648
3 0.00477246 0.00855762 0.967146 0.00517708 0.00229754 0.0120498
3 0.00528076 0.0127975 0.947383 0.00828304 0.00546161 0.0207943
1 0.980257 0.00197102 0.00387756 0.00508027 0.00368111 0.00513329
1 0.970308 0.00269082 0.0125559 0.00275981 0.00216454 0.00952141
3 0.00748322 0.0055048 0.948332 0.0148638 0.00233122 0.0214848
3 0.00496249 0.0102041 0.961931 0.00811973 0.00296218 0.0118204
3 0.00528076 0.0127975 0.947383 0.00828304 0.00546161 0.0207943
2 0.0299534 0.450159 0.0229102 0.0316619 0.0247761 0.44054
1 0.975106 0.00300265 0.00340419 0.00986981 0.00255317 0.00606432
2 0.013343 0.764933 0.0268689 0.0565617 0.0071503 0.131143
0 0.0357462 0.421097 0.049929 0.0534542 0.0170028 0.42277
1 0.971768 0.00466256 0.00483434 0.00465942 0.00527341 0.00880209
0 0.00726505 0.00697633 0.0134121 0.0292706 0.0107155 0.93236
8 0.00392856 0.00256517 0.0103984 0.971196 0.00676386 0.00514775
2 0.00886912 0.948662 0.0105855 0.00454907 0.00632424 0.0210106
0 0.0165124 0.00634299 0.0117512 0.021043 0.0197889 0.924562
1 0.946328 0.00333766 0.00423225 0.00593764 0.00710947 0.0330545
8 0.00254845 0.00377829 0.010449 0.975059 0.00342189 0.0047436
2 0.0102174 0.939141 0.0130669 0.00881459 0.00584871 0.0229111
1 0.971768 0.00466256 0.00483434 0.00465942 0.00527341 0.00880209
0 0.00726505 0.00697633 0.0134121 0.0292706 0.0107155 0.93236
8 0.00392856 0.00256517 0.0103984 0.971196 0.00676386 0.00514775
2 0.00886912 0.948662 0.0105855 0.00454907 0.00632424 0.0210106
0 0.0138298 0.00450045 0.00822873 0.0249633 0.0445303 0.903947
1 0.947155 0.00273174 0.00325729 0.0173148 0.00526064 0.0242807
2 0.00962408 0.880193 0.0112683 0.0682035 0.0033146 0.0273963
2 0.00202052 0.977504 0.00604862 0.00278567 0.00251513 0.00912558
0 0.0165124 0.00634299 0.0117512 0.021043 0.0197889 0.924562
1 0.946328 0.00333766 0.00423225 0.00593764 0.00710947 0.0330545
8 0.00152682 0.00151124 0.00555028 0.982863 0.00393457 0.00461379
2 0.00886935 0.957699 0.00699669 0.0184003 0.00255097 0.00548371
2 0.00239564 0.977479 0.00767255 0.00175663 0.00303151 0.00766465
0 0.0175859 0.00828036 0.0134008 0.0263987 0.0252619 0.909072
1 0.971768 0.00466256 0.00483434 0.00465942 0.00527341 0.00880209
0 0.00726505 0.00697633 0.0134121 0.0292706 0.0107155 0.93236
8 0.00249214 0.00152987 0.00554266 0.978042 0.0073281 0.0050649
2 0.00808651 0.969889 0.00515586 0.00896928 0.00258892 0.00531064
2 0.00239564 0.977479 0.00767255 0.00175663 0.00303151 0.00766465
1 0.971874 0.00468173 0.00480233 0.00441138 0.00531661 0.00891371
0 0.0198053 0.0314569 0.0358439 0.0593718 0.00942993 0.844092
0 0.0119733 0.00447535 0.0105918 0.0264528 0.0151809 0.931326
8 0.00541534 0.00298985 0.00652822 0.957594 0.0149095 0.0125628
2 0.00808651 0.969889 0.00515586 0.00896928 0.00258892 0.00531064
2 0.00239564 0.977479 0.00767255 0.00175663 0.00303151 0.00766465
0 0.0294058 0.0123451 0.0160294 0.0234088 0.0235416 0.895269
0 0.0138298 0.00450045 0.00822873 0.0249633 0.0445303 0.903947
1 0.913565 0.0038438 0.00457722 0.0488007 0.00574519 0.0234677
2 0.0055808 0.948265 0.00991243 0.0233658 0.00161274 0.011263
2 0.00208278 0.9784 0.00655845 0.00267951 0.0024615 0.00781797
1 0.982864 0.00401659 0.00320041 0.0037651 0.00269099 0.00346249
0 0.0211954 0.0189518 0.0293158 0.0223051 0.00785983 0.900372
0 0.0152486 0.00631797 0.0173323 0.0227885 0.0157708 0.922542
8 0.0697822 0.0221396 0.0267948 0.437091 0.0376208 0.406571
2 0.0178336 0.88949 0.0122297 0.0397248 0.00637318 0.0343487
2 0.0017958 0.98208 0.00531024 0.0014632 0.00263148 0.00671884
1 0.944814 0.00448007 0.00368498 0.0241756 0.00604459 0.0168006
2 0.00808191 0.921713 0.00927355 0.0247944 0.00334978 0.0327877
2 0.00518099 0.945869 0.00946832 0.01442 0.00446166 0.0206001
2 0.00868404 0.946923 0.0114175 0.00909768 0.00630003 0.017578
0 0.0242492 0.235774 0.0286494 0.0243294 0.0150128 0.671985
1 0.971768 0.00466256 0.00483434 0.00465942 0.00527341 0.00880209
0 0.00666118 0.0069149 0.0119112 0.0292399 0.00845562 0.936817
8 0.00388342 0.00200505 0.00572043 0.970696 0.00910252 0.00859286
2 0.00898063 0.964018 0.00525371 0.0094113 0.00482972 0.0075065
2 0.00338558 0.97324 0.00901975 0.00320256 0.00270311 0.00844851
2 0.00857565 0.946028 0.0112147 0.00755154 0.00662535 0.0200047
1 0.971768 0.00466256 0.00483434 0.00465942 0.00527341 0.00880209
0 0.00666118 0.0069149 0.0119112 0.0292399 0.00845562 0.936817
8 0.00388342 0.00200505 0.00572043 0.970696 0.00910252 0.00859286
2 0.00898063 0.964018 0.00525371 0.0094113 0.00482972 0.0075065
2 0.00338558 0.97324 0.00901975 0.00320256 0.00270311 0.00844851
2 0.00857565 0.946028 0.0112147 0.00755154 0.00662535 0.0200047
1 0.936033 0.00384001 0.00416336 0.00652806 0.00626098 0.0431747
8 0.00202397 0.00187989 0.00547195 0.978343 0.00459595 0.00768509
2 0.0108067 0.947381 0.00677176 0.0161087 0.00525521 0.013677
2 0.00571653 0.951141 0.00995895 0.00781888 0.0052431 0.020122
2 0.00868404 0.946923 0.0114175 0.00909768 0.00630003 0.017578
0 0.0242492 0.235774 0.0286494 0.0243294 0.0150128 0.671985
0 0.0294058 0.0123451 0.0160294 0.0234088 0.0235416 0.895269
0 0.0119985 0.00418834 0.00689573 0.0249999 0.0322478 0.91967
1 0.944814 0.00448007 0.00368498 0.0241756 0.00604459 0.0168006
2 0.00643113 0.945931 0.00886951 0.0215657 0.00282605 0.0143769
2 0.00296628 0.972893 0.00810681 0.00526112 0.00225744 0.00851554
2 0.00857565 0.946028 0.0112147 0.00755154 0.00662535 0.0200047
1 0.982864 0.00401659 0.00320041 0.0037651 0.00269099 0.00346249
0 0.0211954 0.0189518 0.0293158 0.0223051 0.00785983 0.900372
0 0.0136144 0.00596424 0.0148925 0.0230109 0.0121371 0.930381
8 0.0765541 0.0363929 0.0294816 0.541035 0.0430891 0.273447
2 0.0106194 0.940281 0.00955105 0.0150329 0.00545465 0.019061
2 0.0026787 0.978282 0.00707824 0.00268803 0.0023249 0.00694782
2 0.00861652 0.945773 0.0112798 0.00756851 0.006674 0.0200886
10 0.0144118 0.00696799 0.0154813 0.0271035 0.844533 0.0915019
1 0.958283 0.00949591 0.00520263 0.0104951 0.0114066 0.00511688
2 0.00937511 0.936396 0.0145626 0.00922034 0.00995008 0.0204958
10 0.0111855 0.0110669 0.0185091 0.0139782 0.931532 0.0137283
10 0.0100841 0.00563743 0.0145092 0.0154995 0.947236 0.00703354
1 0.96086 0.00880213 0.00463058 0.00965774 0.0114999 0.00455011
2 0.00937511 0.936396 0.0145626 0.00922034 0.00995008 0.0204958
10 0.0144118 0.00696799 0.0154813 0.0271035 0.844533 0.0915019
1 0.958283 0.00949591 0.00520263 0.0104951 0.0114066 0.00511688
2 0.00937511 0.936396 0.0145626 0.00922034 0.00995008 0.0204958
10 0.0111855 0.0110669 0.0185091 0.0139782 0.931532 0.0137283
10 0.0100841 0.00563743 0.0145092 0.0154995 0.947236 0.00703354
1 0.96086 0.00880213 0.00463058 0.00965774 0.0114999 0.00455011
2 0.00937511 0.936396 0.0145626 0.00922034 0.00995008 0.0204958
10 0.0142162 0.00693168 0.0151288 0.0272183 0.816798 0.119707
1 0.959798 0.0089012 0.00477992 0.01028 0.0112829 0.0049575
2 0.00933171 0.937252 0.0139184 0.00915906 0.00958019 0.0207582
10 0.0112705 0.0110585 0.01816 0.013978 0.929053 0.0164794
10 0.00999028 0.00569958 0.0141903 0.0154051 0.946452 0.00826325
1 0.962326 0.00824052 0.00424762 0.00942818 0.0113982 0.00435955
2 0.00933171 0.937252 0.0139184 0.00915906 0.00958019 0.0207582
10 0.0119446 0.0156202 0.0205999 0.013918 0.922628 0.0152889
10 0.0106974 0.00863013 0.0180955 0.0141355 0.940344 0.00809717
10 0.0146369 0.00758431 0.015591 0.0193129 0.933343 0.00953235
1 0.953993 0.0167974 0.00599545 0.00780757 0.0102775 0.00512892
2 0.00926771 0.9388 0.0147231 0.00875292 0.00913107 0.0193248
