labels 10 -3 2 5 0 -4
10 0.97685 0.00369666 0.00283764 0.00388181 0.00829133 0.00444299
10 0.976789 0.00368784 0.00284367 0.00390939 0.00832489 0.00444482
-3 0.0140364 0.932233 0.00782645 0.0101705 0.0248314 0.0109024
2 0.00787574 0.00474604 0.957667 0.0150735 0.00833017 0.00630711
10 0.976789 0.00368784 0.00284367 0.00390939 0.00832489 0.00444482
-3 0.0140364 0.932233 0.00782645 0.0101705 0.0248314 0.0109024
2 0.00672654 0.015043 0.949771 0.0159116 0.00731452 0.00523368
2 0.00549041 0.0037235 0.961762 0.0158676 0.00813395 0.00502273
10 0.977904 0.0032977 0.002503 0.00337229 0.00831355 0.00460896
10 0.97683 0.00376111 0.00281592 0.00387105 0.00830325 0.00441895
-3 0.0140364 0.932233 0.00782645 0.0101705 0.0248314 0.0109024
2 0.00787574 0.00474604 0.957667 0.0150735 0.00833017 0.00630711
10 0.977904 0.0032977 0.002503 0.00337229 0.00831355 0.00460896
10 0.97683 0.00376111 0.00281592 0.00387105 0.00830325 0.00441895
-3 0.0140364 0.932233 0.00782645 0.0101705 0.0248314 0.0109024
2 0.00672654 0.015043 0.949771 0.0159116 0.00731452 0.00523368
2 0.00549041 0.0037235 0.961762 0.0158676 0.00813395 0.00502273
10 0.976789 0.00368784 0.00284367 0.00390939 0.00832489 0.00444482
-3 0.0140364 0.932233 0.00782645 0.0101705 0.0248314 0.0109024
2 0.00789927 0.00857274 0.955015 0.0142992 0.00819797 0.00601547
5 0.0112756 0.0045409 0.028155 0.921464 0.0252099 0.00935455
10 0.976789 0.00368784 0.00284367 0.00390939 0.00832489 0.00444482
-3 0.0140364 0.932233 0.00782645 0.0101705 0.0248314 0.0109024
2 0.00789927 0.00857274 0.955015 0.0142992 0.00819797 0.00601547
5 0.0100436 0.0246862 0.0299507 0.907047 0.0201508 0.00812183
2 0.00568347 0.00635166 0.958608 0.0160859 0.00841205 0.00485915
5 0.0112756 0.0045409 0.028155 0.921464 0.0252099 0.00935455
10 0.977904 0.0032977 0.002503 0.00337229 0.00831355 0.00460896
10 0.97683 0.00376111 0.00281592 0.00387105 0.00830325 0.00441895
-3 0.0140364 0.932233 0.00782645 0.0101705 0.0248314 0.0109024
2 0.00789927 0.00857274 0.955015 0.0142992 0.00819797 0.00601547
5 0.0112756 0.0045409 0.028155 0.921464 0.0252099 0.00935455
10 0.977904 0.0032977 0.002503 0.00337229 0.00831355 0.00460896
10 0.97683 0.00376111 0.00281592 0.00387105 0.00830325 0.00441895
-3 0.0140364 0.932233 0.00782645 0.0101705 0.0248314 0.0109024
2 0.00789927 0.00857274 0.955015 0.0142992 0.00819797 0.00601547
5 0.0100436 0.0246862 0.0299507 0.907047 0.0201508 0.00812183
2 0.00568347 0.00635166 0.958608 0.0160859 0.00841205 0.00485915
5 0.0112756 0.0045409 0.028155 0.921464 0.0252099 0.00935455
0 0.0298346 0.0120733 0.00954582 0.0123328 0.911549 0.0246648
10 0.977904 0.0032977 0.002503 0.00337229 0.00831355 0.00460896
10 0.97683 0.00376111 0.00281592 0.00387105 0.00830325 0.00441895
-3 0.0140364 0.932233 0.00782645 0.0101705 0.0248314 0.0109024
2 0.00787574 0.00474604 0.957667 0.0150735 0.00833017 0.00630711
10 0.97685 0.00369666 0.00283764 0.00388181 0.00829133 0.00444299
0 0.0296138 0.0113963 0.00825664 0.0120016 0.915338 0.0233939
10 0.976789 0.00368784 0.00284367 0.00390939 0.00832489 0.00444482
-3 0.0140364 0.932233 0.00782645 0.0101705 0.0248314 0.0109024
2 0.00787574 0.00474604 0.957667 0.0150735 0.00833017 0.00630711
0 0.0298346 0.0120733 0.00954582 0.0123328 0.911549 0.0246648
10 0.977904 0.0032977 0.002503 0.00337229 0.00831355 0.00460896
10 0.97683 0.00376111 0.00281592 0.00387105 0.00830325 0.00441895
-3 0.0140364 0.932233 0.00782645 0.0101705 0.0248314 0.0109024
2 0.00672654 0.015043 0.949771 0.0159116 0.00731452 0.00523368
2 0.00549041 0.0037235 0.961762 0.0158676 0.00813395 0.00502273
10 0.97685 0.00369666 0.00283764 0.00388181 0.00829133 0.00444299
0 0.0296138 0.0113963 0.00825664 0.0120016 0.915338 0.0233939
10 0.976789 0.00368784 0.00284367 0.00390939 0.00832489 0.00444482
-3 0.0140364 0.932233 0.00782645 0.0101705 0.0248314 0.0109024
2 0.00672654 0.015043 0.949771 0.0159116 0.00731452 0.00523368
2 0.00549041 0.0037235 0.961762 0.0158676 0.00813395 0.00502273
0 0.0298346 0.0120733 0.00954582 0.0123328 0.911549 0.0246648
10 0.977904 0.0032977 0.002503 0.00337229 0.00831355 0.00460896
10 0.97683 0.00376111 0.00281592 0.00387105 0.00830325 0.00441895
-3 0.0140364 0.932233 0.00782645 0.0101705 0.0248314 0.0109024
2 0.00789927 0.00857274 0.955015 0.0142992 0.00819797 0.00601547
5 0.0112756 0.0045409 0.028155 0.921464 0.0252099 0.00935455
10 0.97685 0.00369666 0.00283764 0.00388181 0.00829133 0.00444299
0 0.0296138 0.0113963 0.00825664 0.0120016 0.915338 0.0233939
10 0.976789 0.00368784 0.00284367 0.00390939 0.00832489 0.00444482
-3 0.0140364 0.932233 0.00782645 0.0101705 0.0248314 0.0109024
2 0.00789927 0.00857274 0.955015 0.0142992 0.00819797 0.00601547
5 0.0112756 0.0045409 0.028155 0.921464 0.0252099 0.00935455
0 0.0298346 0.0120733 0.00954582 0.0123328 0.911549 0.0246648
10 0.977904 0.0032977 0.002503 0.00337229 0.00831355 0.00460896
10 0.97683 0.00376111 0.00281592 0.00387105 0.00830325 0.00441895
-3 0.0140364 0.932233 0.00782645 0.0101705 0.0248314 0.0109024
2 0.00789927 0.00857274 0.955015 0.0142992 0.00819797 0.00601547
5 0.0100436 0.0246862 0.0299507 0.907047 0.0201508 0.00812183
2 0.00568347 0.00635166 0.958608 0.0160859 0.00841205 0.00485915
5 0.0112756 0.0045409 0.028155 0.921464 0.0252099 0.00935455
10 0.97685 0.00369666 0.00283764 0.00388181 0.00829133 0.00444299
0 0.0296138 0.0113963 0.00825664 0.0120016 0.915338 0.0233939
10 0.976789 0.00368784 0.00284367 0.00390939 0.00832489 0.00444482
-3 0.0140364 0.932233 0.00782645 0.0101705 0.0248314 0.0109024
2 0.00789927 0.00857274 0.955015 0.0142992 0.00819797 0.00601547
5 0.0100436 0.0246862 0.0299507 0.907047 0.0201508 0.00812183
2 0.00568347 0.00635166 0.958608 0.0160859 0.00841205 0.00485915
5 0.0112756 0.0045409 0.028155 0.921464 0.0252099 0.00935455
10 0.97685 0.00369666 0.00283764 0.00388181 0.00829133 0.00444299
0 0.0297042 0.0129538 0.00946052 0.014006 0.913579 0.020296
-3 0.0140142 0.931725 0.00797216 0.0102723 0.0249086 0.0111082
2 0.00787574 0.00474604 0.957667 0.0150735 0.00833017 0.00630711
10 0.97685 0.00369666 0.00283764 0.00388181 0.00829133 0.00444299
0 0.0297042 0.0129538 0.00946052 0.014006 0.913579 0.020296
-3 0.0140142 0.931725 0.00797216 0.0102723 0.0249086 0.0111082
2 0.00672654 0.015043 0.949771 0.0159116 0.00731452 0.00523368
2 0.00549041 0.0037235 0.961762 0.0158676 0.00813395 0.00502273
10 0.97685 0.00369666 0.00283764 0.00388181 0.00829133 0.00444299
0 0.0297042 0.0129538 0.00946052 0.014006 0.913579 0.020296
-3 0.0140142 0.931725 0.00797216 0.0102723 0.0249086 0.0111082
2 0.00789927 0.00857274 0.955015 0.0142992 0.00819797 0.00601547
5 0.0112756 0.0045409 0.028155 0.921464 0.0252099 0.00935455
10 0.97685 0.00369666 0.00283764 0.00388181 0.00829133 0.00444299
0 0.0297042 0.0129538 0.00946052 0.014006 0.913579 0.020296
-3 0.0140142 0.931725 0.00797216 0.0102723 0.0249086 0.0111082
2 0.00789927 0.00857274 0.955015 0.0142992 0.00819797 0.00601547
5 0.0100436 0.0246862 0.0299507 0.907047 0.0201508 0.00812183
2 0.00568347 0.00635166 0.958608 0.0160859 0.00841205 0.00485915
5 0.0112756 0.0045409 0.028155 0.921464 0.0252099 0.00935455
0 0.0298346 0.0120733 0.00954582 0.0123328 0.911549 0.0246648
10 0.97685 0.00369666 0.00283764 0.00388181 0.00829133 0.00444299
0 0.0297042 0.0129538 0.00946052 0.014006 0.913579 0.020296
-3 0.0140142 0.931725 0.00797216 0.0102723 0.0249086 0.0111082
2 0.00787574 0.00474604 0.957667 0.0150735 0.00833017 0.00630711
10 0.97685 0.00369666 0.00283764 0.00388181 0.00829133 0.00444299
0 0.0299671 0.0140644 0.0108244 0.0140369 0.909699 0.0214081
0 0.0299682 0.0137045 0.0109665 0.0145486 0.909306 0.0215063
-3 0.0140142 0.931725 0.00797216 0.0102723 0.0249086 0.0111082
2 0.00787574 0.00474604 0.957667 0.0150735 0.00833017 0.00630711
10 0.97685 0.00369666 0.00283764 0.00388181 0.00829133 0.00444299
0 0.0297042 0.0129538 0.00946052 0.014006 0.913579 0.020296
-3 0.0140142 0.931725 0.00797216 0.0102723 0.0249086 0.0111082
2 0.00787574 0.00474604 0.957667 0.0150735 0.00833017 0.00630711
0 0.0224565 0.0101066 0.0111412 0.0299168 0.910542 0.0158372
0 0.0298346 0.0120733 0.00954582 0.0123328 0.911549 0.0246648
10 0.97685 0.00369666 0.00283764 0.00388181 0.00829133 0.00444299
0 0.0297042 0.0129538 0.00946052 0.014006 0.913579 0.020296
-3 0.0140142 0.931725 0.00797216 0.0102723 0.0249086 0.0111082
2 0.00672654 0.015043 0.949771 0.0159116 0.00731452 0.00523368
2 0.00549041 0.0037235 0.961762 0.0158676 0.00813395 0.00502273
10 0.97685 0.00369666 0.00283764 0.00388181 0.00829133 0.00444299
0 0.0299671 0.0140644 0.0108244 0.0140369 0.909699 0.0214081
0 0.0299682 0.0137045 0.0109665 0.0145486 0.909306 0.0215063
-3 0.0140142 0.931725 0.00797216 0.0102723 0.0249086 0.0111082
2 0.00672654 0.015043 0.949771 0.0159116 0.00731452 0.00523368
2 0.00549041 0.0037235 0.961762 0.0158676 0.00813395 0.00502273
10 0.97685 0.00369666 0.00283764 0.00388181 0.00829133 0.00444299
0 0.0297042 0.0129538 0.00946052 0.014006 0.913579 0.020296
-3 0.0140142 0.931725 0.00797216 0.0102723 0.0249086 0.0111082
2 0.00672654 0.015043 0.949771 0.0159116 0.00731452 0.00523368
2 0.00549041 0.0037235 0.961762 0.0158676 0.00813395 0.00502273
0 0.0224565 0.0101066 0.0111412 0.0299168 0.910542 0.0158372
0 0.0298346 0.0120733 0.00954582 0.0123328 0.911549 0.0246648
10 0.97685 0.00369666 0.00283764 0.00388181 0.00829133 0.00444299
0 0.0297042 0.0129538 0.00946052 0.014006 0.913579 0.020296
-3 0.0140142 0.931725 0.00797216 0.0102723 0.0249086 0.0111082
2 0.00789927 0.00857274 0.955015 0.0142992 0.00819797 0.00601547
5 0.0112756 0.0045409 0.028155 0.921464 0.0252099 0.00935455
10 0.97685 0.00369666 0.00283764 0.00388181 0.00829133 0.00444299
0 0.0299671 0.0140644 0.0108244 0.0140369 0.909699 0.0214081
0 0.0299682 0.0137045 0.0109665 0.0145486 0.909306 0.0215063
-3 0.0140142 0.931725 0.00797216 0.0102723 0.0249086 0.0111082
2 0.00789927 0.00857274 0.955015 0.0142992 0.00819797 0.00601547
5 0.0112756 0.0045409 0.028155 0.921464 0.0252099 0.00935455
10 0.97685 0.00369666 0.00283764 0.00388181 0.00829133 0.00444299
0 0.0297042 0.0129538 0.00946052 0.014006 0.913579 0.020296
-3 0.0140142 0.931725 0.00797216 0.0102723 0.0249086 0.0111082
2 0.00789927 0.00857274 0.955015 0.0142992 0.00819797 0.00601547
5 0.0112756 0.0045409 0.028155 0.921464 0.0252099 0.00935455
0 0.0229246 0.0115989 0.0107141 0.0299969 0.908509 0.0162565
0 0.0298346 0.0120733 0.00954582 0.0123328 0.911549 0.0246648
10 0.97685 0.00369666 0.00283764 0.00388181 0.00829133 0.00444299
0 0.0297042 0.0129538 0.00946052 0.014006 0.913579 0.020296
-3 0.0140142 0.931725 0.00797216 0.0102723 0.0249086 0.0111082
2 0.00789927 0.00857274 0.955015 0.0142992 0.00819797 0.00601547
5 0.0100436 0.0246862 0.0299507 0.907047 0.0201508 0.00812183
2 0.00568347 0.00635166 0.958608 0.0160859 0.00841205 0.00485915
5 0.0112756 0.0045409 0.028155 0.921464 0.0252099 0.00935455
10 0.97685 0.00369666 0.00283764 0.00388181 0.00829133 0.00444299
0 0.0299671 0.0140644 0.0108244 0.0140369 0.909699 0.0214081
0 0.0299682 0.0137045 0.0109665 0.0145486 0.909306 0.0215063
-3 0.0140142 0.931725 0.00797216 0.0102723 0.0249086 0.0111082
2 0.00789927 0.00857274 0.955015 0.0142992 0.00819797 0.00601547
5 0.0100436 0.0246862 0.0299507 0.907047 0.0201508 0.00812183
2 0.00568347 0.00635166 0.958608 0.0160859 0.00841205 0.00485915
5 0.0112756 0.0045409 0.028155 0.921464 0.0252099 0.00935455
10 0.97685 0.00369666 0.00283764 0.00388181 0.00829133 0.00444299
0 0.0297042 0.0129538 0.00946052 0.014006 0.913579 0.020296
-3 0.0140142 0.931725 0.00797216 0.0102723 0.0249086 0.0111082
2 0.00789927 0.00857274 0.955015 0.0142992 0.00819797 0.00601547
5 0.0100436 0.0246862 0.0299507 0.907047 0.0201508 0.00812183
2 0.00568347 0.00635166 0.958608 0.0160859 0.00841205 0.00485915
5 0.0112756 0.0045409 0.028155 0.921464 0.0252099 0.00935455
0 0.0229246 0.0115989 0.0107141 0.0299969 0.908509 0.0162565
-4 0.0148434 0.0102136 0.0077405 0.0102963 0.0278243 0.929082
10 0.977811 0.0032932 0.00251621 0.0033762 0.00835124 0.00465189
10 0.976816 0.00378264 0.00281048 0.00385734 0.00830091 0.00443298
-4 0.0150095 0.0104121 0.00794402 0.010456 0.0279555 0.928223
-4 0.0150301 0.0102041 0.0077653 0.0102846 0.0279792 0.928737
10 0.977811 0.0032932 0.00251621 0.0033762 0.00835124 0.00465189
10 0.976816 0.00378264 0.00281048 0.00385734 0.00830091 0.00443298
-4 0.0150095 0.0104121 0.00794402 0.010456 0.0279555 0.928223
-4 0.0152525 0.0104047 0.00799681 0.010488 0.0281836 0.927674
-4 0.0150301 0.0102041 0.0077653 0.0102846 0.0279792 0.928737
10 0.977811 0.0032932 0.00251621 0.0033762 0.00835124 0.00465189
10 0.976816 0.00378264 0.00281048 0.00385734 0.00830091 0.00443298
-4 0.0148434 0.0102136 0.0077405 0.0102963 0.0278243 0.929082
10 0.977811 0.0032932 0.00251621 0.0033762 0.00835124 0.00465189
10 0.976816 0.00378264 0.00281048 0.00385734 0.00830091 0.00443298
-4 0.0150095 0.0104121 0.00794402 0.010456 0.0279555 0.928223
-4 0.0150301 0.0102041 0.0077653 0.0102846 0.0279792 0.928737
10 0.977811 0.0032932 0.00251621 0.0033762 0.00835124 0.00465189
10 0.976816 0.00378264 0.00281048 0.00385734 0.00830091 0.00443298
-4 0.0150095 0.0104121 0.00794402 0.010456 0.0279555 0.928223
-4 0.0152525 0.0104047 0.00799681 0.010488 0.0281836 0.927674
-4 0.0150301 0.0102041 0.0077653 0.0102846 0.0279792 0.928737
10 0.977811 0.0032932 0.00251621 0.0033762 0.00835124 0.00465189
10 0.976816 0.00378264 0.00281048 0.00385734 0.00830091 0.00443298
-4 0.0148434 0.0102136 0.0077405 0.0102963 0.0278243 0.929082
10 0.977811 0.0032932 0.00251621 0.0033762 0.00835124 0.00465189
10 0.976816 0.00378264 0.00281048 0.00385734 0.00830091 0.00443298
-4 0.0150095 0.0104121 0.00794402 0.010456 0.0279555 0.928223
-4 0.0150301 0.0102041 0.0077653 0.0102846 0.0279792 0.928737
10 0.977811 0.0032932 0.00251621 0.0033762 0.00835124 0.00465189
10 0.976816 0.00378264 0.00281048 0.00385734 0.00830091 0.00443298
-4 0.0150095 0.0104121 0.00794402 0.010456 0.0279555 0.928223
-4 0.0152525 0.0104047 0.00799681 0.010488 0.0281836 0.927674
-4 0.0150301 0.0102041 0.0077653 0.0102846 0.0279792 0.928737
10 0.977811 0.0032932 0.00251621 0.0033762 0.00835124 0.00465189
10 0.976816 0.00378264 0.00281048 0.00385734 0.00830091 0.00443298
-4 0.0148434 0.0102136 0.0077405 0.0102963 0.0278243 0.929082
10 0.977811 0.0032932 0.00251621 0.0033762 0.00835124 0.00465189
10 0.976816 0.00378264 0.00281048 0.00385734 0.00830091 0.00443298
-4 0.0150095 0.0104121 0.00794402 0.010456 0.0279555 0.928223
-4 0.0150301 0.0102041 0.0077653 0.0102846 0.0279792 0.928737
10 0.977811 0.0032932 0.00251621 0.0033762 0.00835124 0.00465189
10 0.976816 0.00378264 0.00281048 0.00385734 0.00830091 0.00443298
-4 0.0150095 0.0104121 0.00794402 0.010456 0.0279555 0.928223
-4 0.0152525 0.0104047 0.00799681 0.010488 0.0281836 0.927674
-4 0.0150301 0.0102041 0.0077653 0.0102846 0.0279792 0.928737
10 0.977811 0.0032932 0.00251621 0.0033762 0.00835124 0.00465189
10 0.976816 0.00378264 0.00281048 0.00385734 0.00830091 0.00443298
-4 0.0148434 0.0102136 0.0077405 0.0102963 0.0278243 0.929082
10 0.977811 0.0032932 0.00251621 0.0033762 0.00835124 0.00465189
10 0.976816 0.00378264 0.00281048 0.00385734 0.00830091 0.00443298
-4 0.0150095 0.0104121 0.00794402 0.010456 0.0279555 0.928223
-4 0.0150301 0.0102041 0.0077653 0.0102846 0.0279792 0.928737
10 0.977811 0.0032932 0.00251621 0.0033762 0.00835124 0.00465189
10 0.976816 0.00378264 0.00281048 0.00385734 0.00830091 0.00443298
-4 0.0150095 0.0104121 0.00794402 0.010456 0.0279555 0.928223
-4 0.0152525 0.0104047 0.00799681 0.010488 0.0281836 0.927674
-4 0.0150301 0.0102041 0.0077653 0.0102846 0.0279792 0.928737
10 0.977811 0.0032932 0.00251621 0.0033762 0.00835124 0.00465189
10 0.976816 0.00378264 0.00281048 0.00385734 0.00830091 0.00443298
10 0.97685 0.00369666 0.00283764 0.00388181 0.00829133 0.00444299
2 0.00775309 0.00464863 0.958136 0.0149955 0.0082473 0.00621991
10 0.97685 0.00369666 0.00283764 0.00388181 0.00829133 0.00444299
2 0.00658103 0.0150496 0.950152 0.0159198 0.00717822 0.00511949
2 0.00549041 0.0037235 0.961762 0.0158676 0.00813395 0.00502273
10 0.97685 0.00369666 0.00283764 0.00388181 0.00829133 0.00444299
2 0.00778025 0.00849132 0.955502 0.0142217 0.00808871 0.00591606
5 0.0112756 0.0045409 0.028155 0.921464 0.0252099 0.00935455
10 0.97685 0.00369666 0.00283764 0.00388181 0.00829133 0.00444299
2 0.00778025 0.00849132 0.955502 0.0142217 0.00808871 0.00591606
5 0.0114971 0.0114059 0.0293371 0.914002 0.0246453 0.00911285
5 0.0119063 0.0101177 0.0291455 0.912548 0.0262896 0.00999279
10 0.97685 0.00369666 0.00283764 0.00388181 0.00829133 0.00444299
2 0.00778025 0.00849132 0.955502 0.0142217 0.00808871 0.00591606
5 0.0100436 0.0246862 0.0299507 0.907047 0.0201508 0.00812183
2 0.00568347 0.00635166 0.958608 0.0160859 0.00841205 0.00485915
5 0.0112756 0.0045409 0.028155 0.921464 0.0252099 0.00935455
10 0.97685 0.00369666 0.00283764 0.00388181 0.00829133 0.00444299
-3 0.0140142 0.931725 0.00797216 0.0102723 0.0249086 0.0111082
2 0.00787574 0.00474604 0.957667 0.0150735 0.00833017 0.00630711
10 0.97685 0.00369666 0.00283764 0.00388181 0.00829133 0.00444299
-3 0.0140142 0.931725 0.00797216 0.0102723 0.0249086 0.0111082
2 0.00672654 0.015043 0.949771 0.0159116 0.00731452 0.00523368
2 0.00549041 0.0037235 0.961762 0.0158676 0.00813395 0.00502273
10 0.97685 0.00369666 0.00283764 0.00388181 0.00829133 0.00444299
-3 0.0140142 0.931725 0.00797216 0.0102723 0.0249086 0.0111082
2 0.00789927 0.00857274 0.955015 0.0142992 0.00819797 0.00601547
5 0.0100436 0.0246862 0.0299507 0.907047 0.0201508 0.00812183
2 0.00568347 0.00635166 0.958608 0.0160859 0.00841205 0.00485915
5 0.0112756 0.0045409 0.028155 0.921464 0.0252099 0.00935455
10 0.97685 0.00369666 0.00283764 0.00388181 0.00829133 0.00444299
10 0.976789 0.00368784 0.00284367 0.00390939 0.00832489 0.00444482
-3 0.0140364 0.932233 0.00782645 0.0101705 0.0248314 0.0109024
2 0.00787574 0.00474604 0.957667 0.0150735 0.00833017 0.00630711
10 0.97685 0.00369666 0.00283764 0.00388181 0.00829133 0.00444299
10 0.976789 0.00368784 0.00284367 0.00390939 0.00832489 0.00444482
-3 0.0140364 0.932233 0.00782645 0.0101705 0.0248314 0.0109024
2 0.00672654 0.015043 0.949771 0.0159116 0.00731452 0.00523368
2 0.00549041 0.0037235 0.961762 0.0158676 0.00813395 0.00502273
10 0.97685 0.00369666 0.00283764 0.00388181 0.00829133 0.00444299
10 0.976789 0.00368784 0.00284367 0.00390939 0.00832489 0.00444482
-3 0.0140364 0.932233 0.00782645 0.0101705 0.0248314 0.0109024
2 0.00789927 0.00857274 0.955015 0.0142992 0.00819797 0.00601547
5 0.0100436 0.0246862 0.0299507 0.907047 0.0201508 0.00812183
2 0.00568347 0.00635166 0.958608 0.0160859 0.00841205 0.00485915
5 0.0112756 0.0045409 0.028155 0.921464 0.0252099 0.00935455
10 0.97685 0.00369666 0.00283764 0.00388181 0.00829133 0.00444299
10 0.977904 0.0032977 0.002503 0.00337229 0.00831355 0.00460896
10 0.97683 0.00376111 0.00281592 0.00387105 0.00830325 0.00441895
-3 0.0140364 0.932233 0.00782645 0.0101705 0.0248314 0.0109024
2 0.00787574 0.00474604 0.957667 0.0150735 0.00833017 0.00630711
10 0.97685 0.00369666 0.00283764 0.00388181 0.00829133 0.00444299
10 0.977904 0.0032977 0.002503 0.00337229 0.00831355 0.00460896
10 0.97683 0.00376111 0.00281592 0.00387105 0.00830325 0.00441895
-3 0.0140364 0.932233 0.00782645 0.0101705 0.0248314 0.0109024
2 0.00672654 0.015043 0.949771 0.0159116 0.00731452 0.00523368
2 0.00549041 0.0037235 0.961762 0.0158676 0.00813395 0.00502273
10 0.97685 0.00369666 0.00283764 0.00388181 0.00829133 0.00444299
10 0.977904 0.0032977 0.002503 0.00337229 0.00831355 0.00460896
10 0.97683 0.00376111 0.00281592 0.00387105 0.00830325 0.00441895
-3 0.0140364 0.932233 0.00782645 0.0101705 0.0248314 0.0109024
2 0.00789927 0.00857274 0.955015 0.0142992 0.00819797 0.00601547
5 0.0100436 0.0246862 0.0299507 0.907047 0.0201508 0.00812183
2 0.00568347 0.00635166 0.958608 0.0160859 0.00841205 0.00485915
5 0.0112756 0.0045409 0.028155 0.921464 0.0252099 0.00935455
10 0.97685 0.00369666 0.00283764 0.00388181 0.00829133 0.00444299
10 0.97685 0.00369666 0.00283764 0.00388181 0.00829133 0.00444299
10 0.97685 0.00369666 0.00283764 0.00388181 0.00829133 0.00444299
10 0.97685 0.00369666 0.00283764 0.00388181 0.00829133 0.00444299
10 0.97685 0.00369666 0.00283764 0.00388181 0.00829133 0.00444299
10 0.97685 0.00369666 0.00283764 0.00388181 0.00829133 0.00444299
-4 0.0148434 0.0102136 0.0077405 0.0102963 0.0278243 0.929082
10 0.977811 0.0032932 0.00251621 0.0033762 0.00835124 0.00465189
10 0.976816 0.00378264 0.00281048 0.00385734 0.00830091 0.00443298
10 0.97685 0.00369666 0.00283764 0.00388181 0.00829133 0.00444299
10 0.97685 0.00369666 0.00283764 0.00388181 0.00829133 0.00444299
10 0.97685 0.00369666 0.00283764 0.00388181 0.00829133 0.00444299
10 0.97685 0.00369666 0.00283764 0.00388181 0.00829133 0.00444299
10 0.97685 0.00369666 0.00283764 0.00388181 0.00829133 0.00444299
10 0.97685 0.00369666 0.00283764 0.00388181 0.00829133 0.00444299
10 0.97685 0.00369666 0.00283764 0.00388181 0.00829133 0.00444299
-4 0.0150095 0.0104121 0.00794402 0.010456 0.0279555 0.928223
-4 0.0150301 0.0102041 0.0077653 0.0102846 0.0279792 0.928737
10 0.977811 0.0032932 0.00251621 0.0033762 0.00835124 0.00465189
10 0.976816 0.00378264 0.00281048 0.00385734 0.00830091 0.00443298
10 0.97685 0.00369666 0.00283764 0.00388181 0.00829133 0.00444299
10 0.97685 0.00369666 0.00283764 0.00388181 0.00829133 0.00444299
10 0.97685 0.00369666 0.00283764 0.00388181 0.00829133 0.00444299
10 0.97685 0.00369666 0.00283764 0.00388181 0.00829133 0.00444299
10 0.97685 0.00369666 0.00283764 0.00388181 0.00829133 0.00444299
10 0.97685 0.00369666 0.00283764 0.00388181 0.00829133 0.00444299
10 0.97685 0.00369666 0.00283764 0.00388181 0.00829133 0.00444299
-4 0.0150095 0.0104121 0.00794402 0.010456 0.0279555 0.928223
-4 0.0152525 0.0104047 0.00799681 0.010488 0.0281836 0.927674
-4 0.0150301 0.0102041 0.0077653 0.0102846 0.0279792 0.928737
10 0.977811 0.0032932 0.00251621 0.0033762 0.00835124 0.00465189
10 0.976816 0.00378264 0.00281048 0.00385734 0.00830091 0.00443298
10 0.97685 0.00369666 0.00283764 0.00388181 0.00829133 0.00444299
