labels 10 0 -3 -2 -4
10 0.978564 0.00825259 0.00342098 0.00446864 0.00529381
10 0.977239 0.00967275 0.00301725 0.00550803 0.0045629
10 0.974091 0.0105001 0.0079701 0.00335913 0.00407987
10 0.969183 0.00907385 0.0108589 0.00508998 0.00579469
10 0.967983 0.0107474 0.00936016 0.00614264 0.00576709
10 0.979756 0.00638744 0.00414859 0.00554599 0.00416196
10 0.97487 0.0103231 0.00368111 0.0060322 0.00509361
10 0.977749 0.00805289 0.00388268 0.00604766 0.00426731
10 0.966194 0.0108176 0.0107754 0.00656664 0.00564669
10 0.967797 0.0108004 0.00927564 0.00627589 0.00585131
0 0.0317949 0.88995 0.0227989 0.0186495 0.0368063
10 0.979756 0.00638744 0.00414859 0.00554599 0.00416196
10 0.97487 0.0103231 0.00368111 0.0060322 0.00509361
10 0.973129 0.00696365 0.0081798 0.00627376 0.00545347
0 0.0311025 0.916518 0.0137229 0.022524 0.0161328
10 0.975435 0.0103126 0.00366241 0.00515399 0.00543562
10 0.979756 0.00638744 0.00414859 0.00554599 0.00416196
10 0.97487 0.0103231 0.00368111 0.0060322 0.00509361
0 0.0324856 0.897149 0.0314221 0.0209491 0.0179945
0 0.0305628 0.922148 0.013011 0.018964 0.0153138
10 0.978564 0.00825259 0.00342098 0.00446864 0.00529381
0 0.0309403 0.916406 0.0142375 0.0219423 0.0164736
10 0.969183 0.00907385 0.0108589 0.00508998 0.00579469
10 0.967983 0.0107474 0.00936016 0.00614264 0.00576709
0 0.0333165 0.897705 0.0276494 0.0240287 0.0173002
0 0.0305628 0.922148 0.013011 0.018964 0.0153138
10 0.978564 0.00825259 0.00342098 0.00446864 0.00529381
0 0.0333165 0.897705 0.0276494 0.0240287 0.0173002
0 0.0305628 0.922148 0.013011 0.018964 0.0153138
10 0.978564 0.00825259 0.00342098 0.00446864 0.00529381
0 0.0305628 0.922148 0.013011 0.018964 0.0153138
10 0.978564 0.00825259 0.00342098 0.00446864 0.00529381
0 0.0322847 0.9018 0.031539 0.017279 0.0170969
0 0.0305628 0.922148 0.013011 0.018964 0.0153138
10 0.978564 0.00825259 0.00342098 0.00446864 0.00529381
0 0.0333165 0.897705 0.0276494 0.0240287 0.0173002
0 0.0305628 0.922148 0.013011 0.018964 0.0153138
10 0.978564 0.00825259 0.00342098 0.00446864 0.00529381
0 0.0321139 0.907178 0.0212792 0.0191637 0.0202651
0 0.0318484 0.896479 0.0251936 0.0217416 0.0247374
10 0.97525 0.0102377 0.0041269 0.00601372 0.00437151
10 0.976821 0.00925453 0.00354883 0.00518441 0.00519109
0 0.0321139 0.907178 0.0212792 0.0191637 0.0202651
0 0.032771 0.908879 0.0186174 0.0164826 0.0232497
10 0.968531 0.0107606 0.00826635 0.00674265 0.00569897
0 0.0308284 0.91936 0.0133836 0.0206841 0.0157439
10 0.977077 0.00921584 0.00354291 0.00479792 0.00536613
10 0.976113 0.00934108 0.0030144 0.00636144 0.0051703
-3 0.0369481 0.0635346 0.856752 0.0216887 0.0210765
10 0.975631 0.00820502 0.00529017 0.00524505 0.00562924
-2 0.0348589 0.0676043 0.0230346 0.850531 0.0239707
10 0.96995 0.00793409 0.0113055 0.00544505 0.00536505
-3 0.0379404 0.0635766 0.857929 0.0196766 0.0208778
10 0.975631 0.00820502 0.00529017 0.00524505 0.00562924
-2 0.036068 0.0683174 0.0261698 0.845564 0.0238806
0 0.0333828 0.894941 0.0336306 0.0216324 0.0164132
10 0.978185 0.00867287 0.00344319 0.0047765 0.00492287
-3 0.0369481 0.0635346 0.856752 0.0216887 0.0210765
10 0.975631 0.00820502 0.00529017 0.00524505 0.00562924
-2 0.0373678 0.0688135 0.0242837 0.845413 0.0241219
-3 0.0378717 0.0635601 0.85518 0.0227536 0.0206341
0 0.030229 0.922252 0.0115386 0.0202645 0.0157156
10 0.976257 0.00882836 0.00324739 0.00638802 0.00527958
-3 0.0369481 0.0635346 0.856752 0.0216887 0.0210765
10 0.975631 0.00820502 0.00529017 0.00524505 0.00562924
-2 0.0348589 0.0676043 0.0230346 0.850531 0.0239707
10 0.96995 0.00793409 0.0113055 0.00544505 0.00536505
-3 0.0249411 0.051297 0.884099 0.0216958 0.0179676
10 0.974164 0.0103203 0.00463607 0.0060298 0.00484986
10 0.978313 0.00744104 0.00399933 0.00475582 0.00549093
-2 0.0374295 0.0680252 0.0242984 0.846023 0.0242239
-3 0.0165427 0.0181455 0.938993 0.0138378 0.0124809
10 0.968986 0.0106469 0.00810471 0.00666127 0.00560135
10 0.977247 0.00858615 0.0035461 0.00580127 0.00481939
10 0.973295 0.00994635 0.0085398 0.00361038 0.00460853
-2 0.0348589 0.0676043 0.0230346 0.850531 0.0239707
10 0.96995 0.00793409 0.0113055 0.00544505 0.00536505
-3 0.0249411 0.051297 0.884099 0.0216958 0.0179676
10 0.974164 0.0103203 0.00463607 0.0060298 0.00484986
10 0.978313 0.00744104 0.00399933 0.00475582 0.00549093
-2 0.0322683 0.0669583 0.0228207 0.857563 0.0203901
10 0.968216 0.0108143 0.00971251 0.00613995 0.00511701
10 0.974203 0.0106384 0.00751591 0.003701 0.00394209
-3 0.0383282 0.0640117 0.854988 0.0215499 0.0211224
10 0.975631 0.00820502 0.00529017 0.00524505 0.00562924
-2 0.0374295 0.0680252 0.0242984 0.846023 0.0242239
-3 0.0165427 0.0181455 0.938993 0.0138378 0.0124809
10 0.968986 0.0106469 0.00810471 0.00666127 0.00560135
10 0.977247 0.00858615 0.0035461 0.00580127 0.00481939
10 0.973295 0.00994635 0.0085398 0.00361038 0.00460853
10 0.971862 0.00789072 0.00823268 0.00624663 0.0057679
-2 0.0349315 0.0676117 0.02301 0.850455 0.0239923
10 0.967705 0.00932315 0.0112466 0.0061732 0.00555202
-3 0.0249411 0.051297 0.884099 0.0216958 0.0179676
10 0.974164 0.0103203 0.00463607 0.0060298 0.00484986
10 0.978313 0.00744104 0.00399933 0.00475582 0.00549093
10 0.973295 0.010399 0.00448615 0.00623992 0.00558039
-2 0.0377123 0.0691874 0.0242755 0.844659 0.0241654
-3 0.0253189 0.0270384 0.913924 0.017803 0.015916
10 0.968986 0.0106469 0.00810471 0.00666127 0.00560135
10 0.977247 0.00858615 0.0035461 0.00580127 0.00481939
10 0.973295 0.00994635 0.0085398 0.00361038 0.00460853
10 0.979149 0.00549768 0.00512825 0.00480678 0.00541802
0 0.0333943 0.896785 0.0271271 0.0246785 0.0180151
-2 0.0363711 0.0682987 0.0248489 0.84677 0.0237118
10 0.968216 0.0108143 0.00971251 0.00613995 0.00511701
10 0.974203 0.0106384 0.00751591 0.003701 0.00394209
-3 0.0383282 0.0640117 0.854988 0.0215499 0.0211224
10 0.975631 0.00820502 0.00529017 0.00524505 0.00562924
-4 0.0147957 0.0308695 0.0101181 0.0104407 0.933776
10 0.978201 0.00619994 0.00452963 0.00586901 0.00520077
10 0.974597 0.00973652 0.00396996 0.00608439 0.00561236
-4 0.0155674 0.0311876 0.00996152 0.0101686 0.933115
-4 0.0144071 0.0306857 0.0101437 0.0103806 0.934383
10 0.977325 0.00602394 0.00487404 0.00597957 0.00579779
10 0.974597 0.00973652 0.00396996 0.00608439 0.00561236
-4 0.0158333 0.0312102 0.00983854 0.0101343 0.932984
-4 0.0160949 0.031384 0.0100638 0.0102067 0.932251
-4 0.0157538 0.0312812 0.0103828 0.0104818 0.9321
10 0.977325 0.00602394 0.00487404 0.00597957 0.00579779
10 0.974597 0.00973652 0.00396996 0.00608439 0.00561236
-4 0.0147957 0.0308695 0.0101181 0.0104407 0.933776
10 0.978201 0.00619994 0.00452963 0.00586901 0.00520077
10 0.974597 0.00973652 0.00396996 0.00608439 0.00561236
-4 0.0155674 0.0311876 0.00996152 0.0101686 0.933115
-4 0.0144071 0.0306857 0.0101437 0.0103806 0.934383
10 0.977325 0.00602394 0.00487404 0.00597957 0.00579779
10 0.974597 0.00973652 0.00396996 0.00608439 0.00561236
-4 0.0158333 0.0312102 0.00983854 0.0101343 0.932984
-4 0.0160949 0.031384 0.0100638 0.0102067 0.932251
-4 0.0157538 0.0312812 0.0103828 0.0104818 0.9321
10 0.977325 0.00602394 0.00487404 0.00597957 0.00579779
10 0.974597 0.00973652 0.00396996 0.00608439 0.00561236
-4 0.0147957 0.0308695 0.0101181 0.0104407 0.933776
10 0.978201 0.00619994 0.00452963 0.00586901 0.00520077
10 0.974597 0.00973652 0.00396996 0.00608439 0.00561236
-4 0.0155674 0.0311876 0.00996152 0.0101686 0.933115
-4 0.0144071 0.0306857 0.0101437 0.0103806 0.934383
10 0.977325 0.00602394 0.00487404 0.00597957 0.00579779
10 0.974597 0.00973652 0.00396996 0.00608439 0.00561236
-4 0.0158333 0.0312102 0.00983854 0.0101343 0.932984
-4 0.0160949 0.031384 0.0100638 0.0102067 0.932251
-4 0.0157538 0.0312812 0.0103828 0.0104818 0.9321
10 0.977325 0.00602394 0.00487404 0.00597957 0.00579779
10 0.974597 0.00973652 0.00396996 0.00608439 0.00561236
-4 0.0147957 0.0308695 0.0101181 0.0104407 0.933776
10 0.978201 0.00619994 0.00452963 0.00586901 0.00520077
10 0.974597 0.00973652 0.00396996 0.00608439 0.00561236
-4 0.0155674 0.0311876 0.00996152 0.0101686 0.933115
-4 0.0144071 0.0306857 0.0101437 0.0103806 0.934383
10 0.977325 0.00602394 0.00487404 0.00597957 0.00579779
10 0.974597 0.00973652 0.00396996 0.00608439 0.00561236
-4 0.0158333 0.0312102 0.00983854 0.0101343 0.932984
-4 0.0160949 0.031384 0.0100638 0.0102067 0.932251
-4 0.0157538 0.0312812 0.0103828 0.0104818 0.9321
10 0.977325 0.00602394 0.00487404 0.00597957 0.00579779
10 0.974597 0.00973652 0.00396996 0.00608439 0.00561236
-4 0.0147957 0.0308695 0.0101181 0.0104407 0.933776
10 0.978201 0.00619994 0.00452963 0.00586901 0.00520077
10 0.974597 0.00973652 0.00396996 0.00608439 0.00561236
-4 0.0155674 0.0311876 0.00996152 0.0101686 0.933115
-4 0.0144071 0.0306857 0.0101437 0.0103806 0.934383
10 0.977325 0.00602394 0.00487404 0.00597957 0.00579779
10 0.974597 0.00973652 0.00396996 0.00608439 0.00561236
-4 0.0158333 0.0312102 0.00983854 0.0101343 0.932984
-4 0.0160949 0.031384 0.0100638 0.0102067 0.932251
-4 0.0157538 0.0312812 0.0103828 0.0104818 0.9321
10 0.977325 0.00602394 0.00487404 0.00597957 0.00579779
10 0.974597 0.00973652 0.00396996 0.00608439 0.00561236
-4 0.0147957 0.0308695 0.0101181 0.0104407 0.933776
10 0.978201 0.00619994 0.00452963 0.00586901 0.00520077
10 0.974597 0.00973652 0.00396996 0.00608439 0.00561236
-4 0.0155674 0.0311876 0.00996152 0.0101686 0.933115
-4 0.0144071 0.0306857 0.0101437 0.0103806 0.934383
10 0.977325 0.00602394 0.00487404 0.00597957 0.00579779
10 0.974597 0.00973652 0.00396996 0.00608439 0.00561236
-4 0.0158333 0.0312102 0.00983854 0.0101343 0.932984
-4 0.0160949 0.031384 0.0100638 0.0102067 0.932251
-4 0.0157538 0.0312812 0.0103828 0.0104818 0.9321
10 0.977325 0.00602394 0.00487404 0.00597957 0.00579779
10 0.974597 0.00973652 0.00396996 0.00608439 0.00561236
