labels 10 4 0 -3 -4
10 0.957002 0.0079141 0.021351 0.00780713 0.00592624
4 0.00333047 0.9775 0.00949463 0.00637069 0.00330375
10 0.954298 0.00891773 0.0207364 0.0114545 0.00459307
0 0.00674821 0.0167155 0.953706 0.0143042 0.00852626
4 0.00443061 0.978732 0.00849676 0.00539037 0.00294995
10 0.956068 0.00808137 0.0214199 0.00871761 0.00571308
4 0.00335541 0.977439 0.00950524 0.00638381 0.00331634
0 0.00375714 0.0180039 0.952774 0.0213542 0.00411108
10 0.954152 0.00876201 0.0209204 0.00884224 0.00732312
0 0.00727881 0.0186624 0.942441 0.0228756 0.00874256
0 0.0144297 0.0166147 0.958166 0.00551891 0.0052707
4 0.00631874 0.977308 0.00860929 0.00389884 0.00386485
10 0.951704 0.00896008 0.022564 0.00902693 0.007745
-3 0.0152923 0.0157912 0.040509 0.912957 0.0154508
10 0.948806 0.00983418 0.0231942 0.00896901 0.00919636
4 0.00359181 0.976989 0.00951349 0.00637314 0.00353265
10 0.954911 0.00797416 0.0228957 0.00820209 0.00601685
4 0.00361154 0.976887 0.00953344 0.0064296 0.00353833
-3 0.00783825 0.0151888 0.0355748 0.929866 0.0115316
10 0.968377 0.007839 0.00958119 0.00496048 0.0092425
0 0.0188703 0.0153033 0.923493 0.0279362 0.014397
10 0.953947 0.00814411 0.0229474 0.00915326 0.00580793
4 0.00363357 0.976839 0.00955247 0.00642824 0.00354652
-3 0.00792284 0.0153895 0.033698 0.932132 0.0108579
10 0.964919 0.00863293 0.0113601 0.00572591 0.00936206
10 0.954643 0.00877684 0.0213765 0.0100682 0.00513525
0 0.00722389 0.0169579 0.951366 0.0156458 0.00880616
4 0.00561436 0.974502 0.00979179 0.00636674 0.00372536
-3 0.0155899 0.0165184 0.0399714 0.911369 0.0165511
10 0.964919 0.00863293 0.0113601 0.00572591 0.00936206
10 0.954911 0.00797416 0.0228957 0.00820209 0.00601685
4 0.00361154 0.976887 0.00953344 0.0064296 0.00353833
-3 0.00679681 0.0130686 0.0167749 0.955574 0.00778568
10 0.965854 0.00905658 0.0113251 0.00515715 0.00860717
0 0.00725032 0.0177857 0.945547 0.0204046 0.00901248
10 0.955772 0.00806813 0.0228007 0.00952173 0.00383773
4 0.00331358 0.980693 0.00825539 0.00446254 0.00327599
4 0.00237758 0.981456 0.00766357 0.00626041 0.00224291
10 0.954643 0.00877684 0.0213765 0.0100682 0.00513525
0 0.00714021 0.0172074 0.95146 0.0156855 0.00850652
4 0.00353303 0.982131 0.00920815 0.00248864 0.00263929
4 0.00297463 0.981563 0.00706038 0.00579994 0.00260231
10 0.956213 0.00801147 0.0228071 0.00870984 0.00425885
4 0.00322687 0.981121 0.00789522 0.00457073 0.00318606
4 0.00222058 0.980069 0.00883957 0.00663932 0.00223174
0 0.00883367 0.0178231 0.948924 0.0196218 0.00479708
10 0.954152 0.00876201 0.0209204 0.00884224 0.00732312
0 0.00727881 0.0186624 0.942441 0.0228756 0.00874256
0 0.0146965 0.0178221 0.947302 0.0177271 0.00245251
4 0.00518639 0.980563 0.00919545 0.00187135 0.00318358
4 0.00324947 0.98047 0.00752095 0.00593726 0.00282181
10 0.951704 0.00896008 0.022564 0.00902693 0.007745
-3 0.0152923 0.0157912 0.040509 0.912957 0.0154508
10 0.951889 0.00952442 0.0230323 0.0105002 0.00505373
4 0.00355301 0.980275 0.00809811 0.00459148 0.00348267
4 0.00262129 0.980486 0.00807072 0.00637744 0.00244425
0 0.0198866 0.0183268 0.913647 0.0238535 0.0242858
10 0.951704 0.00896008 0.022564 0.00902693 0.007745
-3 0.0152923 0.0157912 0.040509 0.912957 0.0154508
10 0.951889 0.00952442 0.0230323 0.0105002 0.00505373
4 0.00355301 0.980275 0.00809811 0.00459148 0.00348267
4 0.00262129 0.980486 0.00807072 0.00637744 0.00244425
10 0.952101 0.00882483 0.022467 0.00924184 0.00736554
0 0.00739466 0.0177668 0.944977 0.0207707 0.00909093
-3 0.019782 0.0173617 0.0384343 0.905207 0.0192154
10 0.979149 0.00623238 0.00659997 0.00383569 0.0041834
4 0.00355301 0.980275 0.00809811 0.00459148 0.00348267
4 0.00262129 0.980486 0.00807072 0.00637744 0.00244425
10 0.951704 0.00896008 0.022564 0.00902693 0.007745
-3 0.0153145 0.0157543 0.0404531 0.912906 0.0155719
10 0.955799 0.00816131 0.0200392 0.0106647 0.00533589
4 0.00338311 0.980859 0.00784083 0.00460459 0.00331293
4 0.00224989 0.980319 0.00858101 0.00670051 0.00214914
0 0.00906121 0.0185887 0.94571 0.0215743 0.00506584
0 0.0188703 0.0153033 0.923493 0.0279362 0.014397
10 0.956213 0.00801147 0.0228071 0.00870984 0.00425885
4 0.00349476 0.978602 0.00942173 0.00506003 0.00342194
4 0.00293604 0.977596 0.00942829 0.00734349 0.00269576
-3 0.0156557 0.0163081 0.0399891 0.911551 0.0164961
10 0.964919 0.00863293 0.0113601 0.00572591 0.00936206
10 0.954643 0.00877684 0.0213765 0.0100682 0.00513525
0 0.00691802 0.0165464 0.952527 0.0155349 0.00847356
4 0.00516124 0.978434 0.00937244 0.00406745 0.00296484
4 0.00373916 0.977688 0.00873121 0.00672216 0.00311964
-3 0.0156557 0.0163081 0.0399891 0.911551 0.0164961
10 0.964919 0.00863293 0.0113601 0.00572591 0.00936206
10 0.956213 0.00801147 0.0228071 0.00870984 0.00425885
4 0.003558 0.978641 0.00942463 0.0048785 0.00349814
4 0.00317899 0.978467 0.00861802 0.00686269 0.00287322
-3 0.0145173 0.0141239 0.0222541 0.93665 0.0124547
10 0.965854 0.00905658 0.0113251 0.00515715 0.00860717
0 0.00725032 0.0177857 0.945547 0.0204046 0.00901248
4 0.00611962 0.976537 0.0096787 0.00430243 0.00336225
4 0.00257715 0.983081 0.00833638 0.00348925 0.00251618
4 0.00322795 0.97972 0.00808092 0.00618114 0.00278989
10 0.956213 0.00801147 0.0228071 0.00870984 0.00425885
4 0.0033644 0.977574 0.00946574 0.00627516 0.00332057
4 0.00208775 0.982821 0.00924233 0.00365614 0.0021928
4 0.00322795 0.97972 0.00808092 0.00618114 0.00278989
0 0.0188703 0.0153033 0.923493 0.0279362 0.014397
10 0.955772 0.00806813 0.0228007 0.00952173 0.00383773
4 0.00338732 0.977557 0.00946181 0.00626464 0.0033297
4 0.0021252 0.983115 0.00889364 0.00374754 0.00211887
4 0.00352204 0.978513 0.00862192 0.00632283 0.00302018
0 0.0190472 0.0180535 0.914127 0.0239297 0.0248426
10 0.954643 0.00877684 0.0213765 0.0100682 0.00513525
0 0.00714021 0.0172074 0.95146 0.0156855 0.00850652
4 0.00396965 0.97921 0.00936793 0.00523559 0.00221726
4 0.00260467 0.98328 0.00810361 0.00358652 0.00242482
4 0.00352204 0.978513 0.00862192 0.00632283 0.00302018
10 0.954152 0.00876201 0.0209204 0.00884224 0.00732312
0 0.00703748 0.0172521 0.944251 0.0227458 0.00871402
0 0.0171084 0.0180772 0.943987 0.0182291 0.00259843
4 0.00541717 0.978092 0.0094844 0.00399524 0.00301144
4 0.00260467 0.98328 0.00810361 0.00358652 0.00242482
4 0.00352204 0.978513 0.00862192 0.00632283 0.00302018
10 0.954643 0.00877684 0.0213765 0.0100682 0.00513525
0 0.00691802 0.0165464 0.952527 0.0155349 0.00847356
4 0.00439318 0.978039 0.00939664 0.00571339 0.00245756
4 0.00261611 0.982827 0.00798799 0.00421137 0.00235716
4 0.00305282 0.978722 0.00890746 0.00665417 0.00266387
0 0.00906121 0.0185887 0.94571 0.0215743 0.00506584
0 0.0198866 0.0183268 0.913647 0.0238535 0.0242858
10 0.951704 0.00896008 0.022564 0.00902693 0.007745
-3 0.0152923 0.0157912 0.040509 0.912957 0.0154508
10 0.951889 0.00952442 0.0230323 0.0105002 0.00505373
4 0.00363317 0.977156 0.0093707 0.00630308 0.00353722
4 0.0023636 0.982116 0.00927307 0.00392709 0.00232074
4 0.00389733 0.976792 0.00947101 0.00650552 0.00333373
10 0.951704 0.00896008 0.022564 0.00902693 0.007745
-3 0.0153145 0.0157543 0.0404531 0.912906 0.0155719
10 0.955799 0.00816131 0.0200392 0.0106647 0.00533589
4 0.003525 0.977516 0.00932657 0.00618622 0.00344641
4 0.0021496 0.982806 0.00842138 0.00461265 0.00200991
4 0.00334123 0.977424 0.00946553 0.00687824 0.0028906
0 0.00926247 0.0185691 0.945471 0.0213952 0.00530256
0 0.0188703 0.0153033 0.923493 0.0279362 0.014397
10 0.956213 0.00801147 0.0228071 0.00870984 0.00425885
4 0.0033644 0.977574 0.00946574 0.00627516 0.00332057
4 0.0025571 0.980753 0.00940499 0.00499021 0.00229492
4 0.0040868 0.975377 0.00982534 0.00748509 0.00322551
-3 0.015716 0.0165627 0.0400341 0.911196 0.0164909
10 0.960304 0.0100928 0.0134999 0.00650446 0.00959904
10 0.956213 0.00801147 0.0228071 0.00870984 0.00425885
4 0.00343873 0.977424 0.00945545 0.00627397 0.00340786
4 0.00273362 0.981509 0.0086473 0.00470548 0.00240427
4 0.00404706 0.975498 0.00984059 0.00728952 0.00332503
-3 0.0144644 0.0142434 0.0207628 0.938787 0.0117424
10 0.961919 0.00991967 0.0134149 0.00595254 0.00879428
0 0.00748038 0.0178958 0.944436 0.0210141 0.00917394
-4 0.017965 0.0179071 0.0764314 0.0253415 0.862355
10 0.969882 0.0057102 0.00816672 0.00454044 0.0117008
0 0.00581574 0.0141917 0.957002 0.0148023 0.00818827
4 0.00363853 0.984063 0.00581799 0.00371002 0.00277025
-4 0.0245265 0.0186301 0.0773242 0.0166375 0.862882
-4 0.0430797 0.0180138 0.06421 0.022471 0.852225
10 0.965841 0.00708113 0.00995163 0.00502809 0.0120983
0 0.00588847 0.0146153 0.956751 0.0145143 0.00823105
4 0.00408012 0.982921 0.00613095 0.00391976 0.00294787
-4 0.023392 0.0188083 0.0772962 0.0169239 0.86358
-4 0.03983 0.0182541 0.0401605 0.0132668 0.888489
-4 0.043061 0.0182842 0.0644165 0.0225475 0.851691
10 0.965841 0.00708113 0.00995163 0.00502809 0.0120983
0 0.00588847 0.0146153 0.956751 0.0145143 0.00823105
4 0.00408012 0.982921 0.00613095 0.00391976 0.00294787
-4 0.0243191 0.0392599 0.0654432 0.0152397 0.855738
10 0.937391 0.0122382 0.0224651 0.00927407 0.0186312
0 0.00808017 0.0183492 0.942297 0.0216319 0.00964154
4 0.00821855 0.968831 0.0104796 0.00415151 0.00831956
-4 0.0291987 0.0410058 0.0621419 0.0155182 0.852135
-4 0.0427398 0.0234134 0.0484496 0.0199818 0.865415
10 0.936992 0.0127686 0.0223623 0.00934927 0.0185277
0 0.00806798 0.018152 0.944005 0.0201603 0.0096147
4 0.00820639 0.968826 0.0105369 0.00424374 0.00818718
-4 0.0280259 0.0411953 0.0625617 0.015762 0.852455
-4 0.0396504 0.0245962 0.0307584 0.018312 0.886683
-4 0.0428209 0.0234608 0.0485712 0.0202946 0.864852
10 0.936992 0.0127686 0.0223623 0.00934927 0.0185277
0 0.00806798 0.018152 0.944005 0.0201603 0.0096147
4 0.00820639 0.968826 0.0105369 0.00424374 0.00818718
-4 0.0243191 0.0392599 0.0654432 0.0152397 0.855738
10 0.937391 0.0122382 0.0224651 0.00927407 0.0186312
0 0.00808017 0.0183492 0.942297 0.0216319 0.00964154
4 0.00821855 0.968831 0.0104796 0.00415151 0.00831956
-4 0.0291987 0.0410058 0.0621419 0.0155182 0.852135
-4 0.0427398 0.0234134 0.0484496 0.0199818 0.865415
10 0.936992 0.0127686 0.0223623 0.00934927 0.0185277
0 0.00806798 0.018152 0.944005 0.0201603 0.0096147
4 0.00820639 0.968826 0.0105369 0.00424374 0.00818718
-4 0.0280259 0.0411953 0.0625617 0.015762 0.852455
-4 0.0396504 0.0245962 0.0307584 0.018312 0.886683
-4 0.0428209 0.0234608 0.0485712 0.0202946 0.864852
10 0.936992 0.0127686 0.0223623 0.00934927 0.0185277
0 0.00806798 0.018152 0.944005 0.0201603 0.0096147
4 0.00820639 0.968826 0.0105369 0.00424374 0.00818718
4 0.00637708 0.976603 0.0084592 0.00417524 0.0043852
4 0.00747854 0.976779 0.00574225 0.00241741 0.00758312
4 0.00637708 0.976603 0.0084592 0.00417524 0.0043852
4 0.00679585 0.975688 0.0101639 0.00156105 0.00579072
4 0.00296585 0.978402 0.00946479 0.00548206 0.0036854
4 0.00637708 0.976603 0.0084592 0.00417524 0.0043852
10 0.963646 0.00971543 0.0102459 0.00728742 0.00910557
4 0.00359122 0.975783 0.00988682 0.00720103 0.00353805
4 0.00637708 0.976603 0.0084592 0.00417524 0.0043852
10 0.949599 0.0103731 0.0232701 0.00671533 0.0100429
4 0.00344566 0.975988 0.00971197 0.00745065 0.00340362
4 0.00637708 0.976603 0.0084592 0.00417524 0.0043852
10 0.952972 0.0123312 0.0137853 0.00736745 0.0135443
-3 0.0152227 0.0160789 0.0334097 0.919856 0.0154324
10 0.959931 0.00592021 0.0223918 0.00659341 0.0051634
4 0.00357659 0.977689 0.00949471 0.00571793 0.00352207
4 0.00238487 0.979912 0.00941232 0.00585042 0.00244083
4 0.00637708 0.976603 0.0084592 0.00417524 0.0043852
10 0.953664 0.00898099 0.0229744 0.00818879 0.00619169
0 0.00598592 0.0175072 0.947739 0.0204872 0.00828043
4 0.00470846 0.98215 0.00661945 0.00285504 0.00366743
4 0.00637708 0.976603 0.0084592 0.00417524 0.0043852
10 0.952972 0.0123312 0.0137853 0.00736745 0.0135443
-3 0.015265 0.0160256 0.0406572 0.912477 0.0155755
10 0.967245 0.0064 0.0128951 0.00693339 0.00652688
0 0.00592832 0.0174615 0.947938 0.020454 0.00821838
4 0.00426435 0.98526 0.00469869 0.00261407 0.00316292
4 0.00637708 0.976603 0.0084592 0.00417524 0.0043852
10 0.963646 0.00971543 0.0102459 0.00728742 0.00910557
4 0.00362936 0.974996 0.0100702 0.00776479 0.00353986
0 0.00603724 0.0168687 0.953722 0.0127273 0.0106447
4 0.00653154 0.98072 0.00517177 0.00246434 0.00511221
4 0.00637708 0.976603 0.0084592 0.00417524 0.0043852
0 0.0186855 0.0170138 0.946177 0.00607861 0.0120453
4 0.00656321 0.976405 0.0100845 0.00159252 0.00535499
4 0.00275283 0.980725 0.00817275 0.00537787 0.00297131
4 0.00637708 0.976603 0.0084592 0.00417524 0.0043852
4 0.00650631 0.974304 0.0101505 0.00340584 0.00563319
0 0.00365833 0.0126036 0.966269 0.013466 0.00400314
4 0.0067252 0.975847 0.0101465 0.00178473 0.00549644
4 0.00275283 0.980725 0.00817275 0.00537787 0.00297131
4 0.00637708 0.976603 0.0084592 0.00417524 0.0043852
10 0.963646 0.00971543 0.0102459 0.00728742 0.00910557
4 0.00362936 0.974996 0.0100702 0.00776479 0.00353986
0 0.00319222 0.00867915 0.965601 0.0185416 0.00398628
4 0.00589131 0.979539 0.00909316 0.00168942 0.0037867
4 0.00290915 0.980446 0.00801025 0.00552607 0.00310883
4 0.00637708 0.976603 0.0084592 0.00417524 0.0043852
10 0.949599 0.0103731 0.0232701 0.00671533 0.0100429
4 0.00349918 0.974936 0.0100444 0.00810527 0.00341555
0 0.00299024 0.0108377 0.963872 0.0183649 0.00393496
4 0.00589131 0.979539 0.00909316 0.00168942 0.0037867
4 0.00290915 0.980446 0.00801025 0.00552607 0.00310883
4 0.00637708 0.976603 0.0084592 0.00417524 0.0043852
10 0.952972 0.0123312 0.0137853 0.00736745 0.0135443
-3 0.0152721 0.016009 0.0406039 0.912537 0.015578
10 0.960971 0.00628327 0.0134576 0.0065423 0.012746
4 0.00361036 0.975692 0.00988975 0.00727176 0.00353591
0 0.00309729 0.0133 0.960957 0.01862 0.00402613
4 0.00617827 0.978914 0.00924049 0.00178649 0.00388081
4 0.00324306 0.978451 0.00901026 0.00586074 0.00343508
4 0.00637708 0.976603 0.0084592 0.00417524 0.0043852
4 0.00637708 0.976603 0.0084592 0.00417524 0.0043852
4 0.00637708 0.976603 0.0084592 0.00417524 0.0043852
-4 0.0140277 0.0172782 0.0178352 0.00687451 0.943984
10 0.973432 0.0043242 0.00777287 0.00421325 0.0102579
0 0.00549707 0.0135583 0.952676 0.0202352 0.00803291
4 0.00406433 0.985779 0.00454581 0.00252821 0.00308309
4 0.00637708 0.976603 0.0084592 0.00417524 0.0043852
4 0.00637708 0.976603 0.0084592 0.00417524 0.0043852
4 0.00637708 0.976603 0.0084592 0.00417524 0.0043852
4 0.00637708 0.976603 0.0084592 0.00417524 0.0043852
4 0.00637708 0.976603 0.0084592 0.00417524 0.0043852
4 0.00637708 0.976603 0.0084592 0.00417524 0.0043852
-4 0.0174463 0.0189126 0.0213176 0.00635757 0.935966
-4 0.0242441 0.01275 0.0118026 0.00759643 0.943607
-4 0.0249608 0.0115039 0.0190211 0.00980285 0.934711
10 0.97181 0.00491488 0.0084213 0.00443652 0.0104169
0 0.00550345 0.0135699 0.954241 0.018665 0.00802077
4 0.00426435 0.98526 0.00469869 0.00261407 0.00316292
4 0.00637708 0.976603 0.0084592 0.00417524 0.0043852
4 0.00637708 0.976603 0.0084592 0.00417524 0.0043852
-4 0.0176456 0.0255715 0.0326739 0.00899049 0.915119
10 0.962935 0.00652168 0.0121459 0.00586267 0.0125351
0 0.0063914 0.0151587 0.948842 0.0210211 0.00858659
4 0.00547353 0.980681 0.00635059 0.00300339 0.00449137
-4 0.02302 0.0275617 0.0343899 0.00879319 0.906235
-4 0.0306898 0.0151416 0.0272053 0.0125715 0.914392
10 0.961617 0.00711744 0.0125925 0.00602873 0.0126444
0 0.00638596 0.0150602 0.9506 0.0193887 0.00856513
4 0.00558913 0.980333 0.00647538 0.00308471 0.00451778
