labels 10 1 0 8 5
10 0.939973 0.0132354 0.0198536 0.0171782 0.00975988
10 0.933078 0.0184953 0.0188926 0.0204391 0.00909502
10 0.93673 0.0168048 0.0200871 0.0170096 0.00936885
1 0.00639056 0.973684 0.00898798 0.00790778 0.00302964
0 0.00345667 0.00661085 0.978407 0.00889424 0.00263132
1 0.00340727 0.979874 0.00814984 0.00528713 0.00328209
10 0.93816 0.0145732 0.0201558 0.0176561 0.00945475
10 0.938593 0.0152636 0.0201119 0.0164139 0.0096175
1 0.00638062 0.973714 0.00897559 0.00789888 0.0030313
0 0.00346769 0.00660915 0.97838 0.00891553 0.00262718
1 0.00342928 0.979851 0.00814999 0.00528938 0.00328068
10 0.940024 0.0132245 0.0198247 0.0171823 0.00974411
10 0.933012 0.018526 0.0189144 0.0204487 0.00909897
10 0.93667 0.0168346 0.0201042 0.0170206 0.00937075
1 0.00638062 0.973714 0.00897559 0.00789888 0.0030313
0 0.00346769 0.00660915 0.97838 0.00891553 0.00262718
1 0.00342928 0.979851 0.00814999 0.00528938 0.00328068
10 0.942894 0.0121799 0.0192038 0.0159435 0.00977929
10 0.942252 0.0131445 0.019428 0.01522 0.00995585
1 0.00574633 0.974919 0.00900176 0.00729851 0.00303426
0 0.00266671 0.00477079 0.981329 0.00869814 0.00253581
1 0.00210074 0.981905 0.00786515 0.00482768 0.00330138
10 0.944102 0.0115182 0.0187415 0.0154828 0.0101559
10 0.934732 0.0164382 0.020038 0.0195324 0.00925934
10 0.939378 0.0149482 0.0200279 0.0160172 0.00962896
1 0.00574633 0.974919 0.00900176 0.00729851 0.00303426
0 0.00266671 0.00477079 0.981329 0.00869814 0.00253581
1 0.00210074 0.981905 0.00786515 0.00482768 0.00330138
1 0.001629 0.991144 0.00276643 0.00161493 0.00284567
0 0.00314728 0.00799304 0.98031 0.00427884 0.00427121
1 0.001629 0.991144 0.00276643 0.00161493 0.00284567
1 0.00319048 0.982717 0.00783619 0.00269431 0.00356231
0 0.0021933 0.00438412 0.982275 0.00865027 0.00249717
1 0.001629 0.991144 0.00276643 0.00161493 0.00284567
1 0.00330924 0.976518 0.00822736 0.00861027 0.00333518
8 0.00313801 0.00534832 0.00264451 0.985424 0.00344528
8 0.00376766 0.00565593 0.00325069 0.982916 0.0044094
0 0.00267421 0.00536154 0.979835 0.00889099 0.00323841
1 0.001629 0.991144 0.00276643 0.00161493 0.00284567
8 0.00378086 0.00589183 0.00354678 0.982852 0.00392894
8 0.00374381 0.00566774 0.00330872 0.98269 0.00458997
0 0.00268937 0.00497796 0.98088 0.00873595 0.0027166
8 0.00376346 0.00552912 0.0032553 0.983683 0.00376898
5 0.00683476 0.0106169 0.0160571 0.011428 0.955063
1 0.001629 0.991144 0.00276643 0.00161493 0.00284567
1 0.00330924 0.976518 0.00822736 0.00861027 0.00333518
8 0.00391425 0.0057733 0.00346054 0.983023 0.00382906
8 0.00353262 0.00567646 0.00307686 0.983034 0.00468021
0 0.00268937 0.00497796 0.98088 0.00873595 0.0027166
8 0.00376346 0.00552912 0.0032553 0.983683 0.00376898
5 0.00683476 0.0106169 0.0160571 0.011428 0.955063
1 0.001629 0.991144 0.00276643 0.00161493 0.00284567
5 0.0075803 0.0115757 0.0158675 0.00984881 0.955128
0 0.00319232 0.00800482 0.977692 0.00787173 0.00323887
1 0.001629 0.991144 0.00276643 0.00161493 0.00284567
0 0.00314728 0.00799304 0.98031 0.00427884 0.00427121
0 0.00314728 0.00799304 0.98031 0.00427884 0.00427121
1 0.001629 0.991144 0.00276643 0.00161493 0.00284567
1 0.00330924 0.976518 0.00822736 0.00861027 0.00333518
8 0.00313801 0.00534832 0.00264451 0.985424 0.00344528
8 0.00282668 0.00407784 0.00309579 0.985597 0.00440245
0 0.00213711 0.00317478 0.984525 0.00842516 0.00173791
0 0.00269124 0.00802822 0.979618 0.0066395 0.00302342
1 0.001629 0.991144 0.00276643 0.00161493 0.00284567
0 0.00320847 0.00834088 0.977495 0.00699389 0.00396216
0 0.00250914 0.00797348 0.980438 0.0058915 0.00318799
8 0.00384041 0.0055905 0.00324251 0.983373 0.00395343
5 0.00629719 0.0095396 0.013009 0.0100703 0.961084
1 0.001629 0.991144 0.00276643 0.00161493 0.00284567
5 0.005712 0.0107639 0.0155727 0.00997937 0.957972
0 0.00235258 0.00551303 0.983007 0.00687544 0.00225148
0 0.00276018 0.00800893 0.979826 0.00603499 0.00337013
1 0.001629 0.991144 0.00276643 0.00161493 0.00284567
1 0.00336527 0.980116 0.00802366 0.00511581 0.00337891
8 0.00287695 0.00401897 0.00271507 0.987063 0.00332632
5 0.00659628 0.00884215 0.0164141 0.012297 0.95585
0 0.0027556 0.00780537 0.979506 0.00739041 0.00254244
0 0.00274618 0.00806155 0.979242 0.00662439 0.00332597
1 0.001629 0.991144 0.00276643 0.00161493 0.00284567
1 0.00336527 0.980116 0.00802366 0.00511581 0.00337891
8 0.00425463 0.00600528 0.00367439 0.982264 0.0038015
5 0.0075714 0.01039 0.017924 0.0156651 0.94845
1 0.00310896 0.980844 0.00805238 0.00505058 0.00294453
8 0.0037824 0.00552391 0.0032103 0.983662 0.00382107
0 0.00264517 0.00589159 0.976953 0.00825757 0.00625244
0 0.00280625 0.0081482 0.978652 0.00679912 0.00359483
1 0.001629 0.991144 0.00276643 0.00161493 0.00284567
0 0.0016819 0.0037744 0.988158 0.00276971 0.00361559
0 0.00182311 0.00326944 0.989338 0.00348414 0.00208557
0 0.00182877 0.00732315 0.98545 0.0024984 0.00289934
1 0.001629 0.991144 0.00276643 0.00161493 0.00284567
1 0.00319048 0.982717 0.00783619 0.00269431 0.00356231
0 0.001567 0.00280571 0.986372 0.0072387 0.00201655
0 0.00209858 0.00653162 0.980734 0.00827194 0.00236356
0 0.00182877 0.00732315 0.98545 0.0024984 0.00289934
1 0.001629 0.991144 0.00276643 0.00161493 0.00284567
8 0.00378086 0.00589183 0.00354678 0.982852 0.00392894
8 0.00329626 0.00419551 0.00320295 0.98473 0.00457573
0 0.00188859 0.00234338 0.985181 0.00832469 0.00226218
0 0.00203134 0.00443235 0.984361 0.0075841 0.00159143
0 0.00182355 0.00746183 0.984697 0.00321404 0.00280313
1 0.001629 0.991144 0.00276643 0.00161493 0.00284567
0 0.00314728 0.00799304 0.98031 0.00427884 0.00427121
0 0.00203449 0.00599151 0.982471 0.00579268 0.00371066
0 0.00204688 0.00643031 0.984521 0.0044991 0.00250309
8 0.00314721 0.00544112 0.00263468 0.985218 0.0035588
5 0.00683476 0.0106169 0.0160571 0.011428 0.955063
1 0.001629 0.991144 0.00276643 0.00161493 0.00284567
1 0.00330924 0.976518 0.00822736 0.00861027 0.00333518
8 0.00391425 0.0057733 0.00346054 0.983023 0.00382906
8 0.00380021 0.00573335 0.00335453 0.982513 0.00459862
0 0.00249032 0.00339639 0.982467 0.00850072 0.00314513
0 0.00232075 0.00401196 0.98476 0.00638127 0.00252598
0 0.00210949 0.00700586 0.981442 0.00684144 0.00260166
8 0.00368233 0.00551963 0.00324231 0.983778 0.00377796
5 0.00694191 0.0106132 0.0163673 0.0119599 0.954118
1 0.001629 0.991144 0.00276643 0.00161493 0.00284567
5 0.0075803 0.0115757 0.0158675 0.00984881 0.955128
0 0.00241508 0.00507631 0.984215 0.0054253 0.00286854
0 0.00292763 0.00547312 0.979984 0.00863206 0.0029834
0 0.00182877 0.00732315 0.98545 0.0024984 0.00289934
1 0.001629 0.991144 0.00276643 0.00161493 0.00284567
1 0.00336527 0.980116 0.00802366 0.00511581 0.00337891
8 0.00365687 0.0053289 0.00329945 0.983864 0.00385123
5 0.00398962 0.00356614 0.00512139 0.00579946 0.981523
0 0.00266836 0.00776226 0.979715 0.00737207 0.00248278
0 0.00221465 0.00510255 0.98247 0.00812569 0.00208689
0 0.00182355 0.00746183 0.984697 0.00321404 0.00280313
1 0.001629 0.991144 0.00276643 0.00161493 0.00284567
0 0.0028228 0.00815369 0.977777 0.00732689 0.00391949
0 0.00263565 0.00560996 0.983269 0.00535176 0.00313397
1 0.00307492 0.980535 0.00786093 0.00477533 0.003754
1 0.001629 0.991144 0.00276643 0.00161493 0.00284567
0 0.0016819 0.0037744 0.988158 0.00276971 0.00361559
0 0.00182311 0.00326944 0.989338 0.00348414 0.00208557
0 0.00182877 0.00732315 0.98545 0.0024984 0.00289934
1 0.001629 0.991144 0.00276643 0.00161493 0.00284567
0 0.00314728 0.00799304 0.98031 0.00427884 0.00427121
0 0.00314728 0.00799304 0.98031 0.00427884 0.00427121
0 0.0016819 0.0037744 0.988158 0.00276971 0.00361559
0 0.00115943 0.0020271 0.992555 0.00211065 0.00214803
0 0.00133906 0.00351646 0.990412 0.00330032 0.00143259
0 0.00182355 0.00746183 0.984697 0.00321404 0.00280313
1 0.001629 0.991144 0.00276643 0.00161493 0.00284567
1 0.00319048 0.982717 0.00783619 0.00269431 0.00356231
0 0.001567 0.00280571 0.986372 0.0072387 0.00201655
0 0.00146912 0.00347356 0.98664 0.00570529 0.00271203
0 0.00133906 0.00351646 0.990412 0.00330032 0.00143259
0 0.00182355 0.00746183 0.984697 0.00321404 0.00280313
1 0.001629 0.991144 0.00276643 0.00161493 0.00284567
1 0.00319048 0.982717 0.00783619 0.00269431 0.00356231
0 0.001567 0.00280571 0.986372 0.0072387 0.00201655
0 0.00146912 0.00347356 0.98664 0.00570529 0.00271203
0 0.00133906 0.00351646 0.990412 0.00330032 0.00143259
0 0.00182355 0.00746183 0.984697 0.00321404 0.00280313
1 0.001629 0.991144 0.00276643 0.00161493 0.00284567
1 0.00319048 0.982717 0.00783619 0.00269431 0.00356231
0 0.00267787 0.00502318 0.980913 0.00873504 0.00265078
0 0.00282054 0.00724827 0.978152 0.00856142 0.00321778
1 0.00307492 0.980535 0.00786093 0.00477533 0.003754
1 0.001629 0.991144 0.00276643 0.00161493 0.00284567
1 0.00319048 0.982717 0.00783619 0.00269431 0.00356231
0 0.0021933 0.00438412 0.982275 0.00865027 0.00249717
0 0.00202233 0.00795077 0.977906 0.007838 0.00428271
0 0.00115943 0.0020271 0.992555 0.00211065 0.00214803
0 0.00105132 0.00246871 0.991038 0.0036583 0.00178398
0 0.00160176 0.00447738 0.986116 0.006308 0.00149675
0 0.00230415 0.00802309 0.980225 0.00560113 0.00384681
1 0.001629 0.991144 0.00276643 0.00161493 0.00284567
1 0.001629 0.991144 0.00276643 0.00161493 0.00284567
1 0.001629 0.991144 0.00276643 0.00161493 0.00284567
1 0.001629 0.991144 0.00276643 0.00161493 0.00284567
1 0.001629 0.991144 0.00276643 0.00161493 0.00284567
1 0.001629 0.991144 0.00276643 0.00161493 0.00284567
1 0.001629 0.991144 0.00276643 0.00161493 0.00284567
1 0.001629 0.991144 0.00276643 0.00161493 0.00284567
10 0.944102 0.0115182 0.0187415 0.0154828 0.0101559
10 0.934732 0.0164382 0.020038 0.0195324 0.00925934
10 0.939378 0.0149482 0.0200279 0.0160172 0.00962896
1 0.00574633 0.974919 0.00900176 0.00729851 0.00303426
0 0.00266671 0.00477079 0.981329 0.00869814 0.00253581
1 0.00210074 0.981905 0.00786515 0.00482768 0.00330138
1 0.001629 0.991144 0.00276643 0.00161493 0.00284567
5 0.00707665 0.0113799 0.0157986 0.0100745 0.95567
0 0.00295126 0.0075446 0.97805 0.00834826 0.00310541
0 0.00282881 0.00777384 0.981603 0.00470136 0.00309254
8 0.00288393 0.00412986 0.00312885 0.986472 0.00338536
5 0.00449197 0.00446119 0.00910155 0.00617481 0.97577
1 0.00257083 0.980082 0.00673103 0.00729002 0.003326
8 0.00310175 0.00537022 0.00185019 0.986657 0.00302044
8 0.00370242 0.00539428 0.00333791 0.983009 0.00455635
0 0.00258323 0.00463162 0.981699 0.00863481 0.00245087
8 0.00323095 0.00462284 0.00256421 0.985723 0.00385914
5 0.00592599 0.00771496 0.0148412 0.00978623 0.961732
1 0.00129411 0.996511 0.000221935 0.000606693 0.00136635
0 0.00186394 0.00283436 0.986743 0.0068144 0.00174419
1 0.00394607 0.979179 0.00808561 0.00498822 0.00380139
1 0.00296171 0.981315 0.00799334 0.00488375 0.00284671
0 0.00255194 0.00450205 0.981728 0.00859742 0.00262083
1 0.00253302 0.99233 0.00109341 0.00201895 0.00202424
0 0.00282671 0.0056346 0.980188 0.00883623 0.00251455
8 0.00379976 0.00560439 0.00326665 0.983376 0.00395331
5 0.00449197 0.00446119 0.00910155 0.00617481 0.97577
1 0.00171938 0.99331 0.00093466 0.00235623 0.00167966
8 0.00390645 0.00546134 0.00323577 0.983578 0.00381882
0 0.00269812 0.00481117 0.980981 0.00871706 0.00279237
8 0.00323095 0.00462284 0.00256421 0.985723 0.00385914
5 0.00592599 0.00771496 0.0148412 0.00978623 0.961732
1 0.00354219 0.978826 0.00845309 0.00598314 0.00319604
0 0.00308207 0.00689736 0.978149 0.00881081 0.00306079
1 0.00251369 0.983671 0.0035573 0.00714843 0.0031096
8 0.00386915 0.00553883 0.00322298 0.983594 0.00377525
0 0.00269635 0.00499869 0.980963 0.00874519 0.00259668
8 0.00375346 0.00558361 0.00327703 0.983433 0.00395292
5 0.00682992 0.0100558 0.0164557 0.0122437 0.954415
1 0.00307039 0.980807 0.00787195 0.00481211 0.00343839
0 0.00225904 0.00638229 0.980431 0.00872695 0.00220095
8 0.00403481 0.00643566 0.00406722 0.981613 0.00384949
5 0.00730312 0.011807 0.0177483 0.0139438 0.949198
1 0.00328204 0.976885 0.00787386 0.00896741 0.00299136
8 0.0038745 0.00556132 0.00323326 0.98349 0.0038413
0 0.00270373 0.00540831 0.979348 0.00891234 0.00362756
1 0.00354219 0.978826 0.00845309 0.00598314 0.00319604
0 0.00303748 0.00545873 0.982937 0.00590718 0.00265952
1 0.00309872 0.983228 0.00512515 0.00530654 0.00324145
0 0.00270639 0.0051928 0.982705 0.00697752 0.00241865
8 0.00372599 0.00558112 0.00327455 0.983489 0.00392921
5 0.00592599 0.00771496 0.0148412 0.00978623 0.961732
1 0.00307039 0.980807 0.00787195 0.00481211 0.00343839
0 0.00225904 0.00638229 0.980431 0.00872695 0.00220095
8 0.00403481 0.00643566 0.00406722 0.981613 0.00384949
5 0.00730953 0.010649 0.0170178 0.0129084 0.952115
1 0.00314357 0.979926 0.00835071 0.00559767 0.00298195
0 0.00260709 0.00423152 0.982082 0.0085145 0.00256466
1 0.00307039 0.980807 0.00787195 0.00481211 0.00343839
0 0.00225904 0.00638229 0.980431 0.00872695 0.00220095
8 0.00403481 0.00643566 0.00406722 0.981613 0.00384949
5 0.00730312 0.011807 0.0177483 0.0139438 0.949198
1 0.00328204 0.976885 0.00787386 0.00896741 0.00299136
8 0.0038745 0.00556132 0.00323326 0.98349 0.0038413
0 0.00270373 0.00540831 0.979348 0.00891234 0.00362756
1 0.00318836 0.98074 0.00791465 0.00484766 0.00330924
8 0.0040735 0.00605539 0.00374434 0.982387 0.00373947
5 0.00749647 0.0124115 0.0183112 0.0154316 0.946349
1 0.00326132 0.977132 0.00739048 0.00926796 0.00294779
8 0.00364885 0.00507448 0.00201792 0.985761 0.0034977
0 0.0023359 0.00490076 0.983438 0.00661575 0.00270967
1 0.00376353 0.978913 0.00821368 0.00523057 0.00387945
1 0.0031523 0.978 0.00854987 0.00737628 0.0029215
8 0.00388575 0.00562127 0.00330059 0.98331 0.00388221
0 0.00269812 0.00481117 0.980981 0.00871706 0.00279237
8 0.00323095 0.00462284 0.00256421 0.985723 0.00385914
5 0.00592599 0.00771496 0.0148412 0.00978623 0.961732
1 0.00307039 0.980807 0.00787195 0.00481211 0.00343839
0 0.00225904 0.00638229 0.980431 0.00872695 0.00220095
8 0.00403481 0.00643566 0.00406722 0.981613 0.00384949
5 0.00730312 0.011807 0.0177483 0.0139438 0.949198
1 0.00328204 0.976885 0.00787386 0.00896741 0.00299136
8 0.0038745 0.00556132 0.00323326 0.98349 0.0038413
0 0.00270373 0.00540831 0.979348 0.00891234 0.00362756
0 0.0027976 0.00700479 0.983022 0.00364897 0.00352681
0 0.00248546 0.00432456 0.981935 0.00855306 0.00270203
5 0.00656181 0.0113472 0.015784 0.00946758 0.956839
8 0.0036808 0.00584225 0.00352884 0.982909 0.00403872
8 0.00354449 0.00366986 0.0027188 0.985549 0.00451816
0 0.00181512 0.00270117 0.985301 0.00826672 0.00191595
0 0.00227032 0.00671129 0.983663 0.00414599 0.00320912
1 0.00257083 0.980082 0.00673103 0.00729002 0.003326
8 0.00310175 0.00537022 0.00185019 0.986657 0.00302044
8 0.00264168 0.0031498 0.00297333 0.987427 0.00380792
0 0.00163654 0.00258855 0.986162 0.00829488 0.00131808
0 0.00232369 0.00636786 0.983143 0.00515316 0.00301242
1 0.00257083 0.980082 0.00673103 0.00729002 0.003326
8 0.00310175 0.00537022 0.00185019 0.986657 0.00302044
8 0.00288475 0.00333081 0.0023001 0.987267 0.00421689
0 0.00252015 0.00404011 0.982288 0.00843009 0.00272198
0 0.00274521 0.00714592 0.979118 0.00846625 0.00252418
8 0.00281675 0.00407029 0.0023225 0.987424 0.00336642
5 0.00682992 0.0100558 0.0164557 0.0122437 0.954415
1 0.00354219 0.978826 0.00845309 0.00598314 0.00319604
0 0.00308207 0.00689736 0.978149 0.00881081 0.00306079
1 0.00251369 0.983671 0.0035573 0.00714843 0.0031096
8 0.00386292 0.005517 0.00316769 0.983721 0.0037313
0 0.00255392 0.00427116 0.981685 0.00853653 0.00295366
0 0.00274521 0.00714592 0.979118 0.00846625 0.00252418
8 0.00281675 0.00407029 0.0023225 0.987424 0.00336642
5 0.00682992 0.0100558 0.0164557 0.0122437 0.954415
1 0.00354219 0.978826 0.00845309 0.00598314 0.00319604
0 0.00303748 0.00545873 0.982937 0.00590718 0.00265952
1 0.00172669 0.992951 0.00110299 0.00194536 0.00227442
0 0.00255847 0.00414165 0.982455 0.00844666 0.0023983
0 0.00277159 0.00687482 0.978904 0.00865767 0.00279186
8 0.00281675 0.00407029 0.0023225 0.987424 0.00336642
5 0.00682992 0.0100558 0.0164557 0.0122437 0.954415
1 0.00354219 0.978826 0.00845309 0.00598314 0.00319604
0 0.00308207 0.00689736 0.978149 0.00881081 0.00306079
1 0.00251369 0.983671 0.0035573 0.00714843 0.0031096
8 0.00386292 0.005517 0.00316769 0.983721 0.0037313
0 0.00255392 0.00427116 0.981685 0.00853653 0.00295366
0 0.00274521 0.00714592 0.979118 0.00846625 0.00252418
8 0.00281675 0.00407029 0.0023225 0.987424 0.00336642
5 0.00682992 0.0100558 0.0164557 0.0122437 0.954415
1 0.00307039 0.980807 0.00787195 0.00481211 0.00343839
0 0.00225904 0.00638229 0.980431 0.00872695 0.00220095
8 0.00403481 0.00643566 0.00406722 0.981613 0.00384949
5 0.00730953 0.010649 0.0170178 0.0129084 0.952115
1 0.00314357 0.979926 0.00835071 0.00559767 0.00298195
0 0.00254572 0.00387353 0.982882 0.00834242 0.00235596
0 0.00272491 0.00751212 0.978354 0.00824513 0.00316398
1 0.00376353 0.978913 0.00821368 0.00523057 0.00387945
1 0.0031523 0.978 0.00854987 0.00737628 0.0029215
8 0.00381583 0.00553477 0.00322042 0.983597 0.00383228
0 0.00179844 0.00299637 0.985225 0.00815363 0.00182682
0 0.00232369 0.00636786 0.983143 0.00515316 0.00301242
1 0.00376353 0.978913 0.00821368 0.00523057 0.00387945
1 0.0031523 0.978 0.00854987 0.00737628 0.0029215
8 0.00384703 0.00557485 0.00323526 0.983448 0.00389479
0 0.00255392 0.00427116 0.981685 0.00853653 0.00295366
0 0.00274521 0.00714592 0.979118 0.00846625 0.00252418
8 0.00281675 0.00407029 0.0023225 0.987424 0.00336642
5 0.00682992 0.0100558 0.0164557 0.0122437 0.954415
1 0.00354219 0.978826 0.00845309 0.00598314 0.00319604
0 0.00308207 0.00689736 0.978149 0.00881081 0.00306079
1 0.00251369 0.983671 0.0035573 0.00714843 0.0031096
8 0.00334666 0.00505651 0.00262893 0.985728 0.0032403
0 0.00179844 0.00299637 0.985225 0.00815363 0.00182682
0 0.00232369 0.00636786 0.983143 0.00515316 0.00301242
0 0.0027064 0.00722963 0.983015 0.00289259 0.00415634
0 0.0027976 0.00700479 0.983022 0.00364897 0.00352681
0 0.00248546 0.00432456 0.981935 0.00855306 0.00270203
5 0.00656181 0.0113472 0.015784 0.00946758 0.956839
8 0.0036808 0.00584225 0.00352884 0.982909 0.00403872
8 0.00354449 0.00366986 0.0027188 0.985549 0.00451816
0 0.00181512 0.00270117 0.985301 0.00826672 0.00191595
0 0.00168258 0.00349509 0.988652 0.00462047 0.0015501
0 0.00177456 0.00587427 0.985735 0.0031516 0.00346468
1 0.00257083 0.980082 0.00673103 0.00729002 0.003326
8 0.00310175 0.00537022 0.00185019 0.986657 0.00302044
8 0.00288475 0.00333081 0.0023001 0.987267 0.00421689
0 0.00256485 0.0040737 0.981949 0.00850464 0.00290822
0 0.00259924 0.00535302 0.985223 0.00446076 0.00236387
0 0.00200353 0.00559556 0.985548 0.00437568 0.00247702
8 0.00281675 0.00407029 0.0023225 0.987424 0.00336642
5 0.00682992 0.0100558 0.0164557 0.0122437 0.954415
1 0.00129411 0.996511 0.000221935 0.000606693 0.00136635
0 0.00186394 0.00283436 0.986743 0.0068144 0.00174419
0 0.00206231 0.00363905 0.985482 0.00650569 0.00231124
0 0.00183056 0.00668833 0.984497 0.00256136 0.00442232
1 0.00394607 0.979179 0.00808561 0.00498822 0.00380139
1 0.00298934 0.983191 0.00693366 0.00417482 0.00271085
0 0.00233721 0.00410468 0.982655 0.00845954 0.00244332
0 0.00184713 0.00469613 0.982831 0.00853695 0.00208838
0 0.00177456 0.00587427 0.985735 0.0031516 0.00346468
1 0.00376353 0.978913 0.00821368 0.00523057 0.00387945
1 0.0031523 0.978 0.00854987 0.00737628 0.0029215
8 0.00384703 0.00557485 0.00323526 0.983448 0.00389479
0 0.00197838 0.00298839 0.98427 0.00825515 0.00250763
0 0.00168258 0.00349509 0.988652 0.00462047 0.0015501
0 0.00177456 0.00587427 0.985735 0.0031516 0.00346468
1 0.00129411 0.996511 0.000221935 0.000606693 0.00136635
0 0.00186394 0.00283436 0.986743 0.0068144 0.00174419
0 0.00282578 0.00717135 0.978124 0.00863246 0.00324646
0 0.00208801 0.00549246 0.987008 0.00309727 0.00231404
8 0.00248703 0.00371689 0.00194132 0.988258 0.00359666
5 0.00592599 0.00771496 0.0148412 0.00978623 0.961732
1 0.00354219 0.978826 0.00845309 0.00598314 0.00319604
0 0.00308207 0.00689736 0.978149 0.00881081 0.00306079
1 0.00251369 0.983671 0.0035573 0.00714843 0.0031096
8 0.00386292 0.005517 0.00316769 0.983721 0.0037313
0 0.00197838 0.00298839 0.98427 0.00825515 0.00250763
0 0.00249203 0.00598179 0.981012 0.00821248 0.00230203
0 0.00271636 0.00735024 0.978715 0.00832718 0.00289162
8 0.00370719 0.00562124 0.00329617 0.983307 0.0040682
5 0.00682992 0.0100558 0.0164557 0.0122437 0.954415
1 0.00354219 0.978826 0.00845309 0.00598314 0.00319604
0 0.00303748 0.00545873 0.982937 0.00590718 0.00265952
1 0.00172669 0.992951 0.00110299 0.00194536 0.00227442
0 0.00153132 0.00266755 0.99058 0.00365413 0.00156687
0 0.00184713 0.00469613 0.982831 0.00853695 0.00208838
0 0.00177456 0.00587427 0.985735 0.0031516 0.00346468
1 0.00354219 0.978826 0.00845309 0.00598314 0.00319604
0 0.00308207 0.00689736 0.978149 0.00881081 0.00306079
1 0.00251369 0.983671 0.0035573 0.00714843 0.0031096
8 0.00334666 0.00505651 0.00262893 0.985728 0.0032403
0 0.00179844 0.00299637 0.985225 0.00815363 0.00182682
0 0.00201819 0.004164 0.983569 0.00847146 0.00177736
0 0.00220636 0.00623581 0.981134 0.00615198 0.00427141
1 0.00354219 0.978826 0.00845309 0.00598314 0.00319604
0 0.00308207 0.00689736 0.978149 0.00881081 0.00306079
1 0.00251369 0.983671 0.0035573 0.00714843 0.0031096
8 0.00386292 0.005517 0.00316769 0.983721 0.0037313
0 0.00197838 0.00298839 0.98427 0.00825515 0.00250763
0 0.00249203 0.00598179 0.981012 0.00821248 0.00230203
0 0.00271636 0.00735024 0.978715 0.00832718 0.00289162
8 0.00370719 0.00562124 0.00329617 0.983307 0.0040682
5 0.00682992 0.0100558 0.0164557 0.0122437 0.954415
1 0.00376353 0.978913 0.00821368 0.00523057 0.00387945
1 0.0031523 0.978 0.00854987 0.00737628 0.0029215
8 0.00384703 0.00557485 0.00323526 0.983448 0.00389479
0 0.00254814 0.00397929 0.981625 0.00857442 0.00327354
0 0.00259924 0.00535302 0.985223 0.00446076 0.00236387
0 0.00200353 0.00559556 0.985548 0.00437568 0.00247702
8 0.00281675 0.00407029 0.0023225 0.987424 0.00336642
5 0.00682992 0.0100558 0.0164557 0.0122437 0.954415
8 0.0036808 0.00584225 0.00352884 0.982909 0.00403872
8 0.0026482 0.00291913 0.0030768 0.987991 0.00336475
0 0.00212279 0.00383263 0.984286 0.00732642 0.00243265
1 0.00318836 0.98074 0.00791465 0.00484766 0.00330924
8 0.00387439 0.00567876 0.00335812 0.983223 0.00386534
5 0.00687355 0.0114787 0.0177975 0.0196729 0.944177
8 0.00379248 0.00596628 0.00371392 0.982901 0.00362637
8 0.0037208 0.00564039 0.00327096 0.983047 0.00432065
0 0.00259157 0.00481513 0.98031 0.00878046 0.00350303
1 0.00257083 0.980082 0.00673103 0.00729002 0.003326
8 0.00310175 0.00537022 0.00185019 0.986657 0.00302044
8 0.00370242 0.00539428 0.00333791 0.983009 0.00455635
0 0.00258323 0.00463162 0.981699 0.00863481 0.00245087
8 0.00323095 0.00462284 0.00256421 0.985723 0.00385914
5 0.00592599 0.00771496 0.0148412 0.00978623 0.961732
1 0.00171938 0.99331 0.00093466 0.00235623 0.00167966
8 0.00334666 0.00505651 0.00262893 0.985728 0.0032403
0 0.00217037 0.00409929 0.983858 0.00715455 0.00271749
1 0.00171938 0.99331 0.00093466 0.00235623 0.00167966
8 0.00390645 0.00546134 0.00323577 0.983578 0.00381882
0 0.00269812 0.00481117 0.980981 0.00871706 0.00279237
8 0.00323095 0.00462284 0.00256421 0.985723 0.00385914
5 0.00592599 0.00771496 0.0148412 0.00978623 0.961732
1 0.00307039 0.980807 0.00787195 0.00481211 0.00343839
0 0.00225904 0.00638229 0.980431 0.00872695 0.00220095
8 0.00403481 0.00643566 0.00406722 0.981613 0.00384949
5 0.00759653 0.0120589 0.0147824 0.0118465 0.953716
1 0.00326132 0.977132 0.00739048 0.00926796 0.00294779
8 0.00364885 0.00507448 0.00201792 0.985761 0.0034977
0 0.00217223 0.0039455 0.983488 0.00852355 0.00187068
0 0.00278054 0.00742979 0.97736 0.00847132 0.00395821
1 0.00354219 0.978826 0.00845309 0.00598314 0.00319604
0 0.00308207 0.00689736 0.978149 0.00881081 0.00306079
1 0.00251369 0.983671 0.0035573 0.00714843 0.0031096
8 0.00334666 0.00505651 0.00262893 0.985728 0.0032403
0 0.00179844 0.00299637 0.985225 0.00815363 0.00182682
0 0.00232369 0.00636786 0.983143 0.00515316 0.00301242
1 0.00257083 0.980082 0.00673103 0.00729002 0.003326
8 0.00384205 0.00579726 0.00315229 0.983432 0.0037763
8 0.0037436 0.00571931 0.00334603 0.982769 0.00442229
8 0.00376406 0.00561213 0.00319864 0.983111 0.00431439
0 0.00253649 0.00473192 0.97848 0.00871916 0.00553291
0 0.0026967 0.00813036 0.978314 0.00701461 0.00384473
1 0.00318836 0.98074 0.00791465 0.00484766 0.00330924
8 0.00387439 0.00567876 0.00335812 0.983223 0.00386534
5 0.00687355 0.0114787 0.0177975 0.0196729 0.944177
8 0.00379248 0.00596628 0.00371392 0.982901 0.00362637
8 0.0037208 0.00564039 0.00327096 0.983047 0.00432065
0 0.00259157 0.00481513 0.98031 0.00878046 0.00350303
1 0.00318836 0.98074 0.00791465 0.00484766 0.00330924
8 0.00387439 0.00567876 0.00335812 0.983223 0.00386534
5 0.00687355 0.0114787 0.0177975 0.0196729 0.944177
8 0.00379248 0.00596628 0.00371392 0.982901 0.00362637
8 0.0037208 0.00564039 0.00327096 0.983047 0.00432065
0 0.00259157 0.00481513 0.98031 0.00878046 0.00350303
10 0.945522 0.0124517 0.0185718 0.0133959 0.0100588
1 0.0071947 0.973001 0.00897296 0.00771563 0.00311589
0 0.00395993 0.0066966 0.977773 0.00897239 0.00259834
1 0.0037483 0.97938 0.00819965 0.00532546 0.00334665
