labels 10 1 0 -2 -1 -3 2
10 0.966055 0.00107545 0.00237987 0.00181816 0.0263079 0.00107873 0.00128446
10 0.970805 0.00249947 0.00293796 0.00180981 0.0191401 0.00133961 0.0014679
1 0.00277966 0.966337 0.00498319 0.00250638 0.0182817 0.00261596 0.00249606
10 0.973384 0.00254024 0.00200078 0.00237166 0.0173876 0.00101686 0.00129904
10 0.967437 0.00230458 0.00815568 0.00147229 0.0173163 0.00171425 0.00160009
1 0.00277966 0.966337 0.00498319 0.00250638 0.0182817 0.00261596 0.00249606
10 0.965646 0.00279206 0.00219897 0.00283005 0.0236484 0.00120699 0.00167731
1 0.00388966 0.972731 0.00933033 0.00223581 0.00678511 0.0028501 0.00217785
10 0.963941 0.00213006 0.00306008 0.00152435 0.02609 0.00162485 0.00162945
10 0.977167 0.00219075 0.00319752 0.00176802 0.013228 0.00132741 0.00112116
10 0.965646 0.00194246 0.00327303 0.00160251 0.0240422 0.00176021 0.00173396
10 0.977167 0.00219075 0.00319752 0.00176802 0.013228 0.00132741 0.00112116
10 0.972454 0.00441606 0.00480978 0.00173719 0.013136 0.00174604 0.00170067
1 0.00277966 0.966337 0.00498319 0.00250638 0.0182817 0.00261596 0.00249606
10 0.973384 0.00254024 0.00200078 0.00237166 0.0173876 0.00101686 0.00129904
10 0.966012 0.00352482 0.00821563 0.00144361 0.0170655 0.00219813 0.00154017
10 0.972454 0.00441606 0.00480978 0.00173719 0.013136 0.00174604 0.00170067
1 0.00277966 0.966337 0.00498319 0.00250638 0.0182817 0.00261596 0.00249606
10 0.965646 0.00279206 0.00219897 0.00283005 0.0236484 0.00120699 0.00167731
1 0.00388966 0.972731 0.00933033 0.00223581 0.00678511 0.0028501 0.00217785
10 0.972355 0.00472452 0.00429534 0.00167285 0.0135223 0.00187311 0.00155644
10 0.965646 0.00194246 0.00327303 0.00160251 0.0240422 0.00176021 0.00173396
10 0.966576 0.000948314 0.00134237 0.00255264 0.0265786 0.00075118 0.00125044
0 0.0194191 0.0265936 0.83789 0.00926301 0.0810243 0.0160127 0.00979754
10 0.970805 0.00249947 0.00293796 0.00180981 0.0191401 0.00133961 0.0014679
1 0.00277966 0.966337 0.00498319 0.00250638 0.0182817 0.00261596 0.00249606
10 0.966576 0.000948314 0.00134237 0.00255264 0.0265786 0.00075118 0.00125044
0 0.0144808 0.0166538 0.854973 0.00974198 0.0822675 0.0117234 0.0101596
1 0.00444712 0.961874 0.00653873 0.00324953 0.0185635 0.00265884 0.00266806
10 0.963941 0.00213006 0.00306008 0.00152435 0.02609 0.00162485 0.00162945
10 0.970805 0.00249947 0.00293796 0.00180981 0.0191401 0.00133961 0.0014679
1 0.00371169 0.981326 0.00575756 0.0025883 0.00181457 0.00251447 0.00228694
1 0.00280312 0.967284 0.00466749 0.00240628 0.018197 0.00244592 0.00219616
10 0.973384 0.00254024 0.00200078 0.00237166 0.0173876 0.00101686 0.00129904
10 0.967437 0.00230458 0.00815568 0.00147229 0.0173163 0.00171425 0.00160009
1 0.00371169 0.981326 0.00575756 0.0025883 0.00181457 0.00251447 0.00228694
1 0.00280312 0.967284 0.00466749 0.00240628 0.018197 0.00244592 0.00219616
10 0.965646 0.00279206 0.00219897 0.00283005 0.0236484 0.00120699 0.00167731
1 0.00353097 0.967122 0.010152 0.00234542 0.0119481 0.002539 0.00236286
1 0.00402385 0.981568 0.00531389 0.00258502 0.00170572 0.00259909 0.00220421
10 0.963941 0.00213006 0.00306008 0.00152435 0.02609 0.00162485 0.00162945
10 0.977167 0.00219075 0.00319752 0.00176802 0.013228 0.00132741 0.00112116
10 0.965646 0.00194246 0.00327303 0.00160251 0.0240422 0.00176021 0.00173396
10 0.977167 0.00219075 0.00319752 0.00176802 0.013228 0.00132741 0.00112116
10 0.972454 0.00441606 0.00480978 0.00173719 0.013136 0.00174604 0.00170067
1 0.00371169 0.981326 0.00575756 0.0025883 0.00181457 0.00251447 0.00228694
1 0.00280312 0.967284 0.00466749 0.00240628 0.018197 0.00244592 0.00219616
10 0.973384 0.00254024 0.00200078 0.00237166 0.0173876 0.00101686 0.00129904
10 0.966012 0.00352482 0.00821563 0.00144361 0.0170655 0.00219813 0.00154017
10 0.972454 0.00441606 0.00480978 0.00173719 0.013136 0.00174604 0.00170067
1 0.00371169 0.981326 0.00575756 0.0025883 0.00181457 0.00251447 0.00228694
1 0.00280312 0.967284 0.00466749 0.00240628 0.018197 0.00244592 0.00219616
10 0.965646 0.00279206 0.00219897 0.00283005 0.0236484 0.00120699 0.00167731
1 0.00353097 0.967122 0.010152 0.00234542 0.0119481 0.002539 0.00236286
1 0.00402385 0.981568 0.00531389 0.00258502 0.00170572 0.00259909 0.00220421
10 0.972355 0.00472452 0.00429534 0.00167285 0.0135223 0.00187311 0.00155644
10 0.965646 0.00194246 0.00327303 0.00160251 0.0240422 0.00176021 0.00173396
10 0.966576 0.000948314 0.00134237 0.00255264 0.0265786 0.00075118 0.00125044
0 0.0194191 0.0265936 0.83789 0.00926301 0.0810243 0.0160127 0.00979754
10 0.970805 0.00249947 0.00293796 0.00180981 0.0191401 0.00133961 0.0014679
1 0.00371169 0.981326 0.00575756 0.0025883 0.00181457 0.00251447 0.00228694
1 0.00280312 0.967284 0.00466749 0.00240628 0.018197 0.00244592 0.00219616
10 0.966576 0.000948314 0.00134237 0.00255264 0.0265786 0.00075118 0.00125044
0 0.0144808 0.0166538 0.854973 0.00974198 0.0822675 0.0117234 0.0101596
1 0.00389242 0.965046 0.00489517 0.00304239 0.0182434 0.0023815 0.00249925
1 0.00402385 0.981568 0.00531389 0.00258502 0.00170572 0.00259909 0.00220421
10 0.963941 0.00213006 0.00306008 0.00152435 0.02609 0.00162485 0.00162945
10 0.970805 0.00249947 0.00293796 0.00180981 0.0191401 0.00133961 0.0014679
1 0.00371169 0.981326 0.00575756 0.0025883 0.00181457 0.00251447 0.00228694
1 0.00373337 0.983329 0.00470797 0.00256006 0.00105392 0.00246752 0.00214841
1 0.00280312 0.967284 0.00466749 0.00240628 0.018197 0.00244592 0.00219616
10 0.973384 0.00254024 0.00200078 0.00237166 0.0173876 0.00101686 0.00129904
10 0.967437 0.00230458 0.00815568 0.00147229 0.0173163 0.00171425 0.00160009
1 0.00371169 0.981326 0.00575756 0.0025883 0.00181457 0.00251447 0.00228694
1 0.00373337 0.983329 0.00470797 0.00256006 0.00105392 0.00246752 0.00214841
1 0.00280312 0.967284 0.00466749 0.00240628 0.018197 0.00244592 0.00219616
10 0.965646 0.00279206 0.00219897 0.00283005 0.0236484 0.00120699 0.00167731
1 0.00353097 0.967122 0.010152 0.00234542 0.0119481 0.002539 0.00236286
1 0.00373337 0.983329 0.00470797 0.00256006 0.00105392 0.00246752 0.00214841
1 0.00402385 0.981568 0.00531389 0.00258502 0.00170572 0.00259909 0.00220421
10 0.963941 0.00213006 0.00306008 0.00152435 0.02609 0.00162485 0.00162945
10 0.977167 0.00219075 0.00319752 0.00176802 0.013228 0.00132741 0.00112116
10 0.965646 0.00194246 0.00327303 0.00160251 0.0240422 0.00176021 0.00173396
10 0.977167 0.00219075 0.00319752 0.00176802 0.013228 0.00132741 0.00112116
10 0.972454 0.00441606 0.00480978 0.00173719 0.013136 0.00174604 0.00170067
1 0.00371169 0.981326 0.00575756 0.0025883 0.00181457 0.00251447 0.00228694
1 0.00373337 0.983329 0.00470797 0.00256006 0.00105392 0.00246752 0.00214841
1 0.00280312 0.967284 0.00466749 0.00240628 0.018197 0.00244592 0.00219616
10 0.973384 0.00254024 0.00200078 0.00237166 0.0173876 0.00101686 0.00129904
10 0.966012 0.00352482 0.00821563 0.00144361 0.0170655 0.00219813 0.00154017
10 0.972454 0.00441606 0.00480978 0.00173719 0.013136 0.00174604 0.00170067
1 0.00371169 0.981326 0.00575756 0.0025883 0.00181457 0.00251447 0.00228694
1 0.00373337 0.983329 0.00470797 0.00256006 0.00105392 0.00246752 0.00214841
1 0.00280312 0.967284 0.00466749 0.00240628 0.018197 0.00244592 0.00219616
10 0.965646 0.00279206 0.00219897 0.00283005 0.0236484 0.00120699 0.00167731
1 0.00353097 0.967122 0.010152 0.00234542 0.0119481 0.002539 0.00236286
1 0.00373337 0.983329 0.00470797 0.00256006 0.00105392 0.00246752 0.00214841
1 0.00402385 0.981568 0.00531389 0.00258502 0.00170572 0.00259909 0.00220421
10 0.972355 0.00472452 0.00429534 0.00167285 0.0135223 0.00187311 0.00155644
10 0.965646 0.00194246 0.00327303 0.00160251 0.0240422 0.00176021 0.00173396
10 0.966576 0.000948314 0.00134237 0.00255264 0.0265786 0.00075118 0.00125044
0 0.0194191 0.0265936 0.83789 0.00926301 0.0810243 0.0160127 0.00979754
10 0.977167 0.00219075 0.00319752 0.00176802 0.013228 0.00132741 0.00112116
10 0.972454 0.00441606 0.00480978 0.00173719 0.013136 0.00174604 0.00170067
1 0.00371169 0.981326 0.00575756 0.0025883 0.00181457 0.00251447 0.00228694
1 0.00373337 0.983329 0.00470797 0.00256006 0.00105392 0.00246752 0.00214841
1 0.00280312 0.967284 0.00466749 0.00240628 0.018197 0.00244592 0.00219616
10 0.966576 0.000948314 0.00134237 0.00255264 0.0265786 0.00075118 0.00125044
0 0.0144808 0.0166538 0.854973 0.00974198 0.0822675 0.0117234 0.0101596
1 0.00389242 0.965046 0.00489517 0.00304239 0.0182434 0.0023815 0.00249925
1 0.00373337 0.983329 0.00470797 0.00256006 0.00105392 0.00246752 0.00214841
1 0.00402385 0.981568 0.00531389 0.00258502 0.00170572 0.00259909 0.00220421
10 0.972355 0.00472452 0.00429534 0.00167285 0.0135223 0.00187311 0.00155644
10 0.965646 0.00194246 0.00327303 0.00160251 0.0240422 0.00176021 0.00173396
10 0.966055 0.00107545 0.00237987 0.00181816 0.0263079 0.00107873 0.00128446
0 0.0183709 0.0183619 0.830716 0.01314 0.0662725 0.0427761 0.0103621
-2 0.0152339 0.0111228 0.0196397 0.90302 0.033942 0.00844794 0.00859361
-1 0.00317408 0.00268727 0.00834132 0.00473304 0.962713 0.00329896 0.0150526
10 0.966055 0.00107545 0.00237987 0.00181816 0.0263079 0.00107873 0.00128446
0 0.0183709 0.0183619 0.830716 0.01314 0.0662725 0.0427761 0.0103621
-2 0.0152339 0.0111228 0.0196397 0.90302 0.033942 0.00844794 0.00859361
-1 0.00317408 0.00268727 0.00834132 0.00473304 0.962713 0.00329896 0.0150526
-1 0.00668351 0.0035466 0.0171232 0.00701308 0.947607 0.00344826 0.0145785
-1 0.00668351 0.0035466 0.0171232 0.00701308 0.947607 0.00344826 0.0145785
10 0.970805 0.00249947 0.00293796 0.00180981 0.0191401 0.00133961 0.0014679
1 0.00277966 0.966337 0.00498319 0.00250638 0.0182817 0.00261596 0.00249606
0 0.0174733 0.0168543 0.839189 0.00789327 0.0686681 0.0418289 0.00809298
-2 0.0152339 0.0111228 0.0196397 0.90302 0.033942 0.00844794 0.00859361
-1 0.00317408 0.00268727 0.00834132 0.00473304 0.962713 0.00329896 0.0150526
10 0.970805 0.00249947 0.00293796 0.00180981 0.0191401 0.00133961 0.0014679
1 0.00277966 0.966337 0.00498319 0.00250638 0.0182817 0.00261596 0.00249606
-1 0.0154256 0.0173714 0.0277714 0.00632888 0.910874 0.0058708 0.0163583
-1 0.00668351 0.0035466 0.0171232 0.00701308 0.947607 0.00344826 0.0145785
-1 0.00668351 0.0035466 0.0171232 0.00701308 0.947607 0.00344826 0.0145785
10 0.973384 0.00254024 0.00200078 0.00237166 0.0173876 0.00101686 0.00129904
10 0.967437 0.00230458 0.00815568 0.00147229 0.0173163 0.00171425 0.00160009
1 0.00277966 0.966337 0.00498319 0.00250638 0.0182817 0.00261596 0.00249606
-1 0.0154256 0.0173714 0.0277714 0.00632888 0.910874 0.0058708 0.0163583
0 0.0171632 0.0147315 0.831803 0.0164043 0.0699273 0.0403224 0.00964817
-2 0.0152339 0.0111228 0.0196397 0.90302 0.033942 0.00844794 0.00859361
-1 0.00317408 0.00268727 0.00834132 0.00473304 0.962713 0.00329896 0.0150526
10 0.966055 0.00107545 0.00237987 0.00181816 0.0263079 0.00107873 0.00128446
0 0.0183709 0.0183619 0.830716 0.01314 0.0662725 0.0427761 0.0103621
-2 0.0152339 0.0111228 0.0196397 0.90302 0.033942 0.00844794 0.00859361
-1 0.00317408 0.00268727 0.00834132 0.00473304 0.962713 0.00329896 0.0150526
-1 0.0149438 0.00532802 0.0194035 0.00818906 0.928201 0.00768845 0.0162458
-1 0.0153762 0.00494776 0.0231267 0.00749237 0.927381 0.0046953 0.0169804
10 0.970805 0.00249947 0.00293796 0.00180981 0.0191401 0.00133961 0.0014679
1 0.00453241 0.963805 0.00517035 0.00270686 0.0183898 0.00268785 0.00270729
-3 0.0104103 0.0096347 0.0298204 0.00845817 0.020219 0.914481 0.00697618
-2 0.0319118 0.0170356 0.0277351 0.868831 0.0317733 0.0127154 0.00999755
-1 0.0280498 0.00631434 0.00872306 0.00831394 0.923608 0.00504339 0.0199472
-1 0.00744079 0.00744283 0.0268736 0.00401416 0.933145 0.00487885 0.0162045
10 0.973384 0.00254024 0.00200078 0.00237166 0.0173876 0.00101686 0.00129904
10 0.967437 0.00230458 0.00815568 0.00147229 0.0173163 0.00171425 0.00160009
1 0.00453241 0.963805 0.00517035 0.00270686 0.0183898 0.00268785 0.00270729
-3 0.0104103 0.0096347 0.0298204 0.00845817 0.020219 0.914481 0.00697618
-2 0.00454615 0.00442614 0.00823922 0.965432 0.00923755 0.00397814 0.00414041
-1 0.00317408 0.00268727 0.00834132 0.00473304 0.962713 0.00329896 0.0150526
-1 0.0176542 0.00617913 0.0275965 0.0111583 0.914234 0.00518711 0.0179911
-1 0.0187212 0.00496973 0.024417 0.00503057 0.924805 0.00460878 0.0174472
10 0.965646 0.00279206 0.00219897 0.00283005 0.0236484 0.00120699 0.00167731
1 0.00388966 0.972731 0.00933033 0.00223581 0.00678511 0.0028501 0.00217785
10 0.961796 0.00383659 0.00339912 0.00157766 0.0258559 0.00171924 0.00181552
-3 0.0103063 0.00969493 0.0293765 0.00873807 0.0164293 0.918157 0.00729813
-2 0.0210607 0.0125769 0.0188987 0.893696 0.0347253 0.00931535 0.00972688
-1 0.0174391 0.00889998 0.0239242 0.00757603 0.914016 0.00680804 0.0213368
-1 0.0224397 0.00934811 0.0305798 0.00935094 0.899672 0.00707566 0.0215335
10 0.965646 0.00279206 0.00219897 0.00283005 0.0236484 0.00120699 0.00167731
1 0.00388966 0.972731 0.00933033 0.00223581 0.00678511 0.0028501 0.00217785
10 0.961796 0.00383659 0.00339912 0.00157766 0.0258559 0.00171924 0.00181552
-3 0.0103063 0.00969493 0.0293765 0.00873807 0.0164293 0.918157 0.00729813
-2 0.0227061 0.0124582 0.0188009 0.891854 0.0352213 0.00929057 0.00966927
-1 0.00636257 0.00470945 0.0132469 0.00582859 0.94689 0.00460745 0.0183555
-1 0.0237442 0.009084 0.0302746 0.00956123 0.897363 0.00624688 0.0237262
-1 0.0235571 0.0108481 0.0265804 0.00778574 0.900208 0.00571809 0.0253025
-1 0.0326688 0.0148565 0.017603 0.00772695 0.870102 0.0163884 0.0406542
-1 0.0225563 0.0105237 0.0212048 0.0152556 0.862138 0.00636247 0.0619596
10 0.977167 0.00219075 0.00319752 0.00176802 0.013228 0.00132741 0.00112116
10 0.960944 0.00411162 0.00359635 0.00169991 0.0258073 0.00186063 0.00198026
-3 0.0103063 0.00969493 0.0293765 0.00873807 0.0164293 0.918157 0.00729813
-2 0.0227061 0.0124582 0.0188009 0.891854 0.0352213 0.00929057 0.00966927
-1 0.00636257 0.00470945 0.0132469 0.00582859 0.94689 0.00460745 0.0183555
-1 0.012234 0.00574163 0.0259699 0.00818908 0.924178 0.00526464 0.0184225
-1 0.00668351 0.0035466 0.0171232 0.00701308 0.947607 0.00344826 0.0145785
10 0.977167 0.00219075 0.00319752 0.00176802 0.013228 0.00132741 0.00112116
10 0.960944 0.00411162 0.00359635 0.00169991 0.0258073 0.00186063 0.00198026
-3 0.0103063 0.00969493 0.0293765 0.00873807 0.0164293 0.918157 0.00729813
-2 0.0227082 0.0124564 0.0187942 0.891844 0.0352239 0.00929315 0.00967998
-1 0.00681887 0.0048083 0.0136989 0.00590518 0.945584 0.00466656 0.0185179
-1 0.0152325 0.00611807 0.0278233 0.00872934 0.918239 0.00541473 0.0184429
10 0.977167 0.00219075 0.00319752 0.00176802 0.013228 0.00132741 0.00112116
10 0.972454 0.00441606 0.00480978 0.00173719 0.013136 0.00174604 0.00170067
1 0.00453241 0.963805 0.00517035 0.00270686 0.0183898 0.00268785 0.00270729
-3 0.0104103 0.0096347 0.0298204 0.00845817 0.020219 0.914481 0.00697618
-2 0.00454615 0.00442614 0.00823922 0.965432 0.00923755 0.00397814 0.00414041
-1 0.00317408 0.00268727 0.00834132 0.00473304 0.962713 0.00329896 0.0150526
-1 0.0150098 0.00590761 0.0244808 0.00845121 0.922833 0.00510066 0.0182173
-1 0.0152324 0.00611802 0.0278232 0.00872875 0.91824 0.00541469 0.0184429
10 0.977167 0.00219075 0.00319752 0.00176802 0.013228 0.00132741 0.00112116
10 0.972454 0.00441606 0.00480978 0.00173719 0.013136 0.00174604 0.00170067
1 0.00453241 0.963805 0.00517035 0.00270686 0.0183898 0.00268785 0.00270729
-3 0.0104103 0.0096347 0.0298204 0.00845817 0.020219 0.914481 0.00697618
-2 0.00454615 0.00442614 0.00823922 0.965432 0.00923755 0.00397814 0.00414041
-1 0.00681896 0.00480842 0.0136994 0.00590828 0.945582 0.00466571 0.0185177
-1 0.0152324 0.00611802 0.0278232 0.00872875 0.91824 0.00541469 0.0184429
10 0.973384 0.00254024 0.00200078 0.00237166 0.0173876 0.00101686 0.00129904
10 0.966012 0.00352482 0.00821563 0.00144361 0.0170655 0.00219813 0.00154017
10 0.972454 0.00441606 0.00480978 0.00173719 0.013136 0.00174604 0.00170067
1 0.00453241 0.963805 0.00517035 0.00270686 0.0183898 0.00268785 0.00270729
-3 0.0104103 0.0096347 0.0298204 0.00845817 0.020219 0.914481 0.00697618
-2 0.00454615 0.00442614 0.00823922 0.965432 0.00923755 0.00397814 0.00414041
-1 0.00697948 0.00520978 0.0134821 0.00542818 0.946866 0.00428536 0.0177495
-1 0.0178389 0.0175096 0.0179608 0.00683629 0.906167 0.0179727 0.0157151
-1 0.0117687 0.0341237 0.0136258 0.00860672 0.913007 0.00426124 0.0146069
10 0.965646 0.00279206 0.00219897 0.00283005 0.0236484 0.00120699 0.00167731
1 0.00388966 0.972731 0.00933033 0.00223581 0.00678511 0.0028501 0.00217785
10 0.972355 0.00472452 0.00429534 0.00167285 0.0135223 0.00187311 0.00155644
10 0.960944 0.00411162 0.00359635 0.00169991 0.0258073 0.00186063 0.00198026
-3 0.0103063 0.00969493 0.0293765 0.00873807 0.0164293 0.918157 0.00729813
-2 0.0219442 0.0123341 0.0184027 0.892181 0.0348484 0.0108803 0.00940902
-1 0.0122156 0.00770421 0.0171094 0.00611002 0.931375 0.00544484 0.0200409
-1 0.0204748 0.0164015 0.0180011 0.00676477 0.896836 0.0203079 0.0212143
10 0.960866 0.00285602 0.00289016 0.00240669 0.0260928 0.00188948 0.00299864
-1 0.0153808 0.0124332 0.0150555 0.0058049 0.560621 0.00606797 0.384637
-1 0.0157473 0.0101283 0.0132196 0.00642877 0.562826 0.00583636 0.385814
-1 0.0157238 0.00985815 0.0131459 0.00650138 0.563161 0.005562 0.386048
-1 0.0139021 0.0109869 0.0105934 0.00559423 0.564985 0.00536815 0.38857
-1 0.0140738 0.00949719 0.0122679 0.0049388 0.714071 0.00481275 0.240338
10 0.966576 0.000948314 0.00134237 0.00255264 0.0265786 0.00075118 0.00125044
0 0.0194191 0.0265936 0.83789 0.00926301 0.0810243 0.0160127 0.00979754
10 0.970805 0.00249947 0.00293796 0.00180981 0.0191401 0.00133961 0.0014679
1 0.00453241 0.963805 0.00517035 0.00270686 0.0183898 0.00268785 0.00270729
-3 0.0104103 0.0096347 0.0298204 0.00845817 0.020219 0.914481 0.00697618
-2 0.00454615 0.00442614 0.00823922 0.965432 0.00923755 0.00397814 0.00414041
-1 0.00681698 0.00480674 0.0136941 0.00590578 0.945598 0.00466573 0.018513
-1 0.0223892 0.00924248 0.0304349 0.0092375 0.901394 0.00581199 0.02149
-1 0.0223744 0.00926917 0.0304145 0.00848841 0.900941 0.00700949 0.0215033
10 0.966576 0.000948314 0.00134237 0.00255264 0.0265786 0.00075118 0.00125044
0 0.0144808 0.0166538 0.854973 0.00974198 0.0822675 0.0117234 0.0101596
1 0.00444712 0.961874 0.00653873 0.00324953 0.0185635 0.00265884 0.00266806
10 0.961796 0.00383659 0.00339912 0.00157766 0.0258559 0.00171924 0.00181552
-3 0.0103063 0.00969493 0.0293765 0.00873807 0.0164293 0.918157 0.00729813
-2 0.00454615 0.00442614 0.00823922 0.965432 0.00923755 0.00397814 0.00414041
-1 0.00697948 0.00520978 0.0134821 0.00542818 0.946866 0.00428536 0.0177495
-1 0.0134068 0.00553007 0.0144814 0.00615788 0.92853 0.015571 0.0163233
-1 0.0191068 0.00663941 0.0252752 0.0147044 0.913113 0.00540745 0.015754
10 0.963654 0.00314348 0.00305737 0.000878208 0.0260321 0.00142339 0.00181147
1 0.00433095 0.977164 0.00842667 0.00244915 0.0024746 0.00289735 0.00225717
10 0.972355 0.00472452 0.00429534 0.00167285 0.0135223 0.00187311 0.00155644
10 0.960944 0.00411162 0.00359635 0.00169991 0.0258073 0.00186063 0.00198026
-3 0.0103063 0.00969493 0.0293765 0.00873807 0.0164293 0.918157 0.00729813
-2 0.0222512 0.0121932 0.0180008 0.893152 0.0349912 0.00905246 0.0103589
-1 0.00594148 0.00470131 0.0127885 0.00522976 0.945574 0.00427748 0.021487
-1 0.0252512 0.0113013 0.0291851 0.00831151 0.896461 0.00599177 0.0234977
-1 0.0286076 0.00991476 0.0169252 0.00765268 0.883421 0.018335 0.0351438
-1 0.0326305 0.0138493 0.019631 0.01378 0.852203 0.00673486 0.0611717
-1 0.0299641 0.0103478 0.0204235 0.00678544 0.856476 0.0055411 0.0704621
10 0.962789 0.004341 0.00301947 0.00289739 0.0231669 0.00174126 0.00204496
10 0.966969 0.00286848 0.00811784 0.00146415 0.0170561 0.0016825 0.00184146
1 0.00277966 0.966337 0.00498319 0.00250638 0.0182817 0.00261596 0.00249606
10 0.960031 0.00404698 0.00295072 0.00303047 0.0258535 0.00183001 0.00225711
1 0.00467379 0.965625 0.010208 0.00225837 0.0120219 0.00269236 0.00252065
10 0.963941 0.00213006 0.00306008 0.00152435 0.02609 0.00162485 0.00162945
10 0.962789 0.004341 0.00301947 0.00289739 0.0231669 0.00174126 0.00204496
10 0.966229 0.00382086 0.00811954 0.00144285 0.0166556 0.00190407 0.00182837
10 0.972454 0.00441606 0.00480978 0.00173719 0.013136 0.00174604 0.00170067
1 0.00277966 0.966337 0.00498319 0.00250638 0.0182817 0.00261596 0.00249606
10 0.960031 0.00404698 0.00295072 0.00303047 0.0258535 0.00183001 0.00225711
1 0.00467379 0.965625 0.010208 0.00225837 0.0120219 0.00269236 0.00252065
10 0.972355 0.00472452 0.00429534 0.00167285 0.0135223 0.00187311 0.00155644
10 0.965646 0.00194246 0.00327303 0.00160251 0.0240422 0.00176021 0.00173396
10 0.964671 0.00167191 0.00212278 0.00253227 0.0260447 0.00129488 0.00166248
0 0.024783 0.0292777 0.834637 0.00902857 0.078802 0.0127576 0.0107143
10 0.970805 0.00249947 0.00293796 0.00180981 0.0191401 0.00133961 0.0014679
1 0.00277966 0.966337 0.00498319 0.00250638 0.0182817 0.00261596 0.00249606
10 0.964671 0.00167191 0.00212278 0.00253227 0.0260447 0.00129488 0.00166248
0 0.0175087 0.0202092 0.848337 0.00940651 0.0823762 0.0110946 0.0110679
1 0.00444712 0.961874 0.00653873 0.00324953 0.0185635 0.00265884 0.00266806
10 0.963941 0.00213006 0.00306008 0.00152435 0.02609 0.00162485 0.00162945
10 0.962789 0.004341 0.00301947 0.00289739 0.0231669 0.00174126 0.00204496
10 0.966969 0.00286848 0.00811784 0.00146415 0.0170561 0.0016825 0.00184146
1 0.00371169 0.981326 0.00575756 0.0025883 0.00181457 0.00251447 0.00228694
1 0.00280312 0.967284 0.00466749 0.00240628 0.018197 0.00244592 0.00219616
10 0.960031 0.00404698 0.00295072 0.00303047 0.0258535 0.00183001 0.00225711
1 0.00395215 0.966473 0.0101875 0.00232248 0.0120165 0.00248323 0.0025653
1 0.00402385 0.981568 0.00531389 0.00258502 0.00170572 0.00259909 0.00220421
10 0.963941 0.00213006 0.00306008 0.00152435 0.02609 0.00162485 0.00162945
10 0.962789 0.004341 0.00301947 0.00289739 0.0231669 0.00174126 0.00204496
10 0.966229 0.00382086 0.00811954 0.00144285 0.0166556 0.00190407 0.00182837
10 0.972454 0.00441606 0.00480978 0.00173719 0.013136 0.00174604 0.00170067
1 0.00371169 0.981326 0.00575756 0.0025883 0.00181457 0.00251447 0.00228694
1 0.00280312 0.967284 0.00466749 0.00240628 0.018197 0.00244592 0.00219616
10 0.960031 0.00404698 0.00295072 0.00303047 0.0258535 0.00183001 0.00225711
1 0.00395215 0.966473 0.0101875 0.00232248 0.0120165 0.00248323 0.0025653
1 0.00402385 0.981568 0.00531389 0.00258502 0.00170572 0.00259909 0.00220421
10 0.972355 0.00472452 0.00429534 0.00167285 0.0135223 0.00187311 0.00155644
10 0.965646 0.00194246 0.00327303 0.00160251 0.0240422 0.00176021 0.00173396
10 0.964671 0.00167191 0.00212278 0.00253227 0.0260447 0.00129488 0.00166248
0 0.024783 0.0292777 0.834637 0.00902857 0.078802 0.0127576 0.0107143
10 0.970805 0.00249947 0.00293796 0.00180981 0.0191401 0.00133961 0.0014679
1 0.00371169 0.981326 0.00575756 0.0025883 0.00181457 0.00251447 0.00228694
1 0.00280312 0.967284 0.00466749 0.00240628 0.018197 0.00244592 0.00219616
10 0.964671 0.00167191 0.00212278 0.00253227 0.0260447 0.00129488 0.00166248
0 0.0175087 0.0202092 0.848337 0.00940651 0.0823762 0.0110946 0.0110679
1 0.00389242 0.965046 0.00489517 0.00304239 0.0182434 0.0023815 0.00249925
1 0.00402385 0.981568 0.00531389 0.00258502 0.00170572 0.00259909 0.00220421
10 0.963941 0.00213006 0.00306008 0.00152435 0.02609 0.00162485 0.00162945
10 0.962789 0.004341 0.00301947 0.00289739 0.0231669 0.00174126 0.00204496
10 0.966969 0.00286848 0.00811784 0.00146415 0.0170561 0.0016825 0.00184146
1 0.00371169 0.981326 0.00575756 0.0025883 0.00181457 0.00251447 0.00228694
1 0.00373337 0.983329 0.00470797 0.00256006 0.00105392 0.00246752 0.00214841
1 0.00280312 0.967284 0.00466749 0.00240628 0.018197 0.00244592 0.00219616
10 0.960031 0.00404698 0.00295072 0.00303047 0.0258535 0.00183001 0.00225711
1 0.00395215 0.966473 0.0101875 0.00232248 0.0120165 0.00248323 0.0025653
1 0.00373337 0.983329 0.00470797 0.00256006 0.00105392 0.00246752 0.00214841
1 0.00402385 0.981568 0.00531389 0.00258502 0.00170572 0.00259909 0.00220421
10 0.963941 0.00213006 0.00306008 0.00152435 0.02609 0.00162485 0.00162945
10 0.962789 0.004341 0.00301947 0.00289739 0.0231669 0.00174126 0.00204496
10 0.966229 0.00382086 0.00811954 0.00144285 0.0166556 0.00190407 0.00182837
10 0.972454 0.00441606 0.00480978 0.00173719 0.013136 0.00174604 0.00170067
1 0.00371169 0.981326 0.00575756 0.0025883 0.00181457 0.00251447 0.00228694
1 0.00373337 0.983329 0.00470797 0.00256006 0.00105392 0.00246752 0.00214841
1 0.00280312 0.967284 0.00466749 0.00240628 0.018197 0.00244592 0.00219616
10 0.960031 0.00404698 0.00295072 0.00303047 0.0258535 0.00183001 0.00225711
1 0.00395215 0.966473 0.0101875 0.00232248 0.0120165 0.00248323 0.0025653
1 0.00373337 0.983329 0.00470797 0.00256006 0.00105392 0.00246752 0.00214841
1 0.00402385 0.981568 0.00531389 0.00258502 0.00170572 0.00259909 0.00220421
10 0.972355 0.00472452 0.00429534 0.00167285 0.0135223 0.00187311 0.00155644
10 0.965646 0.00194246 0.00327303 0.00160251 0.0240422 0.00176021 0.00173396
10 0.964671 0.00167191 0.00212278 0.00253227 0.0260447 0.00129488 0.00166248
0 0.024783 0.0292777 0.834637 0.00902857 0.078802 0.0127576 0.0107143
10 0.977167 0.00219075 0.00319752 0.00176802 0.013228 0.00132741 0.00112116
10 0.972454 0.00441606 0.00480978 0.00173719 0.013136 0.00174604 0.00170067
1 0.00371169 0.981326 0.00575756 0.0025883 0.00181457 0.00251447 0.00228694
1 0.00373337 0.983329 0.00470797 0.00256006 0.00105392 0.00246752 0.00214841
1 0.00280312 0.967284 0.00466749 0.00240628 0.018197 0.00244592 0.00219616
10 0.964671 0.00167191 0.00212278 0.00253227 0.0260447 0.00129488 0.00166248
0 0.0175087 0.0202092 0.848337 0.00940651 0.0823762 0.0110946 0.0110679
1 0.00389242 0.965046 0.00489517 0.00304239 0.0182434 0.0023815 0.00249925
1 0.00373337 0.983329 0.00470797 0.00256006 0.00105392 0.00246752 0.00214841
1 0.00402385 0.981568 0.00531389 0.00258502 0.00170572 0.00259909 0.00220421
10 0.972355 0.00472452 0.00429534 0.00167285 0.0135223 0.00187311 0.00155644
10 0.965646 0.00194246 0.00327303 0.00160251 0.0240422 0.00176021 0.00173396
10 0.962789 0.004341 0.00301947 0.00289739 0.0231669 0.00174126 0.00204496
10 0.966969 0.00286848 0.00811784 0.00146415 0.0170561 0.0016825 0.00184146
1 0.00453241 0.963805 0.00517035 0.00270686 0.0183898 0.00268785 0.00270729
-3 0.0104103 0.0096347 0.0298204 0.00845817 0.020219 0.914481 0.00697618
-2 0.00454615 0.00442614 0.00823922 0.965432 0.00923755 0.00397814 0.00414041
-1 0.00317408 0.00268727 0.00834132 0.00473304 0.962713 0.00329896 0.0150526
-1 0.0176542 0.00617913 0.0275965 0.0111583 0.914234 0.00518711 0.0179911
-1 0.0187212 0.00496973 0.024417 0.00503057 0.924805 0.00460878 0.0174472
10 0.960031 0.00404698 0.00295072 0.00303047 0.0258535 0.00183001 0.00225711
1 0.00467379 0.965625 0.010208 0.00225837 0.0120219 0.00269236 0.00252065
10 0.961796 0.00383659 0.00339912 0.00157766 0.0258559 0.00171924 0.00181552
-3 0.0103063 0.00969493 0.0293765 0.00873807 0.0164293 0.918157 0.00729813
-2 0.0210607 0.0125769 0.0188987 0.893696 0.0347253 0.00931535 0.00972688
-1 0.0174391 0.00889998 0.0239242 0.00757603 0.914016 0.00680804 0.0213368
-1 0.0224397 0.00934811 0.0305798 0.00935094 0.899672 0.00707566 0.0215335
10 0.962789 0.004341 0.00301947 0.00289739 0.0231669 0.00174126 0.00204496
10 0.966229 0.00382086 0.00811954 0.00144285 0.0166556 0.00190407 0.00182837
10 0.972454 0.00441606 0.00480978 0.00173719 0.013136 0.00174604 0.00170067
1 0.00453241 0.963805 0.00517035 0.00270686 0.0183898 0.00268785 0.00270729
-3 0.0104103 0.0096347 0.0298204 0.00845817 0.020219 0.914481 0.00697618
-2 0.0212771 0.014118 0.0194101 0.891868 0.0354551 0.00867938 0.00919274
-1 0.003658 0.0353839 0.0070935 0.00383523 0.928635 0.00399028 0.0174044
-1 0.0154256 0.0173714 0.0277714 0.00632888 0.910874 0.0058708 0.0163583
10 0.960031 0.00404698 0.00295072 0.00303047 0.0258535 0.00183001 0.00225711
1 0.00467379 0.965625 0.010208 0.00225837 0.0120219 0.00269236 0.00252065
10 0.972355 0.00472452 0.00429534 0.00167285 0.0135223 0.00187311 0.00155644
10 0.960944 0.00411162 0.00359635 0.00169991 0.0258073 0.00186063 0.00198026
-3 0.0103063 0.00969493 0.0293765 0.00873807 0.0164293 0.918157 0.00729813
-2 0.0219442 0.0123341 0.0184027 0.892181 0.0348484 0.0108803 0.00940902
-1 0.0122156 0.00770421 0.0171094 0.00611002 0.931375 0.00544484 0.0200409
-1 0.0204748 0.0164015 0.0180011 0.00676477 0.896836 0.0203079 0.0212143
10 0.960866 0.00285602 0.00289016 0.00240669 0.0260928 0.00188948 0.00299864
-1 0.0153808 0.0124332 0.0150555 0.0058049 0.560621 0.00606797 0.384637
-1 0.0157473 0.0101283 0.0132196 0.00642877 0.562826 0.00583636 0.385814
-1 0.0157238 0.00985815 0.0131459 0.00650138 0.563161 0.005562 0.386048
-1 0.0139021 0.0109869 0.0105934 0.00559423 0.564985 0.00536815 0.38857
-1 0.0140738 0.00949719 0.0122679 0.0049388 0.714071 0.00481275 0.240338
10 0.964671 0.00167191 0.00212278 0.00253227 0.0260447 0.00129488 0.00166248
0 0.024783 0.0292777 0.834637 0.00902857 0.078802 0.0127576 0.0107143
10 0.970805 0.00249947 0.00293796 0.00180981 0.0191401 0.00133961 0.0014679
1 0.00453241 0.963805 0.00517035 0.00270686 0.0183898 0.00268785 0.00270729
-3 0.0104103 0.0096347 0.0298204 0.00845817 0.020219 0.914481 0.00697618
-2 0.00454615 0.00442614 0.00823922 0.965432 0.00923755 0.00397814 0.00414041
-1 0.00681698 0.00480674 0.0136941 0.00590578 0.945598 0.00466573 0.018513
-1 0.0223892 0.00924248 0.0304349 0.0092375 0.901394 0.00581199 0.02149
-1 0.0223744 0.00926917 0.0304145 0.00848841 0.900941 0.00700949 0.0215033
10 0.964671 0.00167191 0.00212278 0.00253227 0.0260447 0.00129488 0.00166248
0 0.0175087 0.0202092 0.848337 0.00940651 0.0823762 0.0110946 0.0110679
1 0.00444712 0.961874 0.00653873 0.00324953 0.0185635 0.00265884 0.00266806
10 0.961796 0.00383659 0.00339912 0.00157766 0.0258559 0.00171924 0.00181552
-3 0.0103063 0.00969493 0.0293765 0.00873807 0.0164293 0.918157 0.00729813
-2 0.00454615 0.00442614 0.00823922 0.965432 0.00923755 0.00397814 0.00414041
-1 0.00697948 0.00520978 0.0134821 0.00542818 0.946866 0.00428536 0.0177495
-1 0.0134068 0.00553007 0.0144814 0.00615788 0.92853 0.015571 0.0163233
-1 0.0191068 0.00663941 0.0252752 0.0147044 0.913113 0.00540745 0.015754
10 0.96462 0.00168678 0.00254257 0.00177062 0.0266236 0.00122235 0.00153389
-3 0.0142601 0.0158771 0.0187438 0.0091409 0.0264763 0.907229 0.00827245
10 0.960866 0.00285602 0.00289016 0.00240669 0.0260928 0.00188948 0.00299864
-1 0.0153808 0.0124332 0.0150555 0.0058049 0.560621 0.00606797 0.384637
-1 0.0157473 0.0101283 0.0132196 0.00642877 0.562826 0.00583636 0.385814
-1 0.0157238 0.00985815 0.0131459 0.00650138 0.563161 0.005562 0.386048
-1 0.0139021 0.0109869 0.0105934 0.00559423 0.564985 0.00536815 0.38857
-1 0.0140738 0.00949719 0.0122679 0.0049388 0.714071 0.00481275 0.240338
10 0.969772 0.00301657 0.00325749 0.000802707 0.0203408 0.00134526 0.00146467
10 0.961384 0.00382428 0.00362797 0.00156384 0.0258854 0.00179815 0.00191588
-3 0.0142601 0.0158771 0.0187438 0.0091409 0.0264763 0.907229 0.00827245
10 0.960866 0.00285602 0.00289016 0.00240669 0.0260928 0.00188948 0.00299864
-1 0.0153808 0.0124332 0.0150555 0.0058049 0.560621 0.00606797 0.384637
-1 0.0157473 0.0101283 0.0132196 0.00642877 0.562826 0.00583636 0.385814
-1 0.0157238 0.00985815 0.0131459 0.00650138 0.563161 0.005562 0.386048
-1 0.0139021 0.0109869 0.0105934 0.00559423 0.564985 0.00536815 0.38857
-1 0.0140738 0.00949719 0.0122679 0.0049388 0.714071 0.00481275 0.240338
10 0.977167 0.00219075 0.00319752 0.00176802 0.013228 0.00132741 0.00112116
10 0.960944 0.00411162 0.00359635 0.00169991 0.0258073 0.00186063 0.00198026
-3 0.0142601 0.0158771 0.0187438 0.0091409 0.0264763 0.907229 0.00827245
10 0.960866 0.00285602 0.00289016 0.00240669 0.0260928 0.00188948 0.00299864
-1 0.0153808 0.0124332 0.0150555 0.0058049 0.560621 0.00606797 0.384637
-1 0.0157473 0.0101283 0.0132196 0.00642877 0.562826 0.00583636 0.385814
-1 0.0157238 0.00985815 0.0131459 0.00650138 0.563161 0.005562 0.386048
-1 0.0139021 0.0109869 0.0105934 0.00559423 0.564985 0.00536815 0.38857
-1 0.0140738 0.00949719 0.0122679 0.0049388 0.714071 0.00481275 0.240338
10 0.973384 0.00254024 0.00200078 0.00237166 0.0173876 0.00101686 0.00129904
10 0.966012 0.00352482 0.00821563 0.00144361 0.0170655 0.00219813 0.00154017
10 0.960944 0.00411162 0.00359635 0.00169991 0.0258073 0.00186063 0.00198026
-3 0.0142601 0.0158771 0.0187438 0.0091409 0.0264763 0.907229 0.00827245
10 0.960866 0.00285602 0.00289016 0.00240669 0.0260928 0.00188948 0.00299864
-1 0.0153808 0.0124332 0.0150555 0.0058049 0.560621 0.00606797 0.384637
-1 0.0157473 0.0101283 0.0132196 0.00642877 0.562826 0.00583636 0.385814
-1 0.0157238 0.00985815 0.0131459 0.00650138 0.563161 0.005562 0.386048
-1 0.0139021 0.0109869 0.0105934 0.00559423 0.564985 0.00536815 0.38857
-1 0.0140738 0.00949719 0.0122679 0.0049388 0.714071 0.00481275 0.240338
10 0.96366 0.00227198 0.00223527 0.00276166 0.0260138 0.00127662 0.00178036
-3 0.0128889 0.0121828 0.0280251 0.00779775 0.026756 0.904661 0.00768852
10 0.960866 0.00285602 0.00289016 0.00240669 0.0260928 0.00188948 0.00299864
-1 0.0153808 0.0124332 0.0150555 0.0058049 0.560621 0.00606797 0.384637
-1 0.0157473 0.0101283 0.0132196 0.00642877 0.562826 0.00583636 0.385814
-1 0.0157238 0.00985815 0.0131459 0.00650138 0.563161 0.005562 0.386048
-1 0.0139021 0.0109869 0.0105934 0.00559423 0.564985 0.00536815 0.38857
-1 0.0422132 0.0491195 0.0301739 0.0121769 0.481566 0.0126585 0.372092
10 0.956895 0.00508472 0.00416486 0.00202961 0.0251567 0.00207541 0.00459368
10 0.965646 0.00194246 0.00327303 0.00160251 0.0240422 0.00176021 0.00173396
10 0.966055 0.00107545 0.00237987 0.00181816 0.0263079 0.00107873 0.00128446
-1 0.00668351 0.0035466 0.0171232 0.00701308 0.947607 0.00344826 0.0145785
10 0.966055 0.00107545 0.00237987 0.00181816 0.0263079 0.00107873 0.00128446
-1 0.0170719 0.0191485 0.0294871 0.00873631 0.904422 0.00404297 0.0170907
-1 0.00757787 0.0345263 0.0125793 0.00464902 0.919637 0.00405597 0.0169742
10 0.966055 0.00107545 0.00237987 0.00181816 0.0263079 0.00107873 0.00128446
-1 0.00668351 0.0035466 0.0171232 0.00701308 0.947607 0.00344826 0.0145785
-1 0.00668351 0.0035466 0.0171232 0.00701308 0.947607 0.00344826 0.0145785
-1 0.00668351 0.0035466 0.0171232 0.00701308 0.947607 0.00344826 0.0145785
10 0.966055 0.00107545 0.00237987 0.00181816 0.0263079 0.00107873 0.00128446
-1 0.0170719 0.0191485 0.0294871 0.00873631 0.904422 0.00404297 0.0170907
-1 0.00757787 0.0345263 0.0125793 0.00464902 0.919637 0.00405597 0.0169742
-1 0.0154256 0.0173714 0.0277714 0.00632888 0.910874 0.0058708 0.0163583
-1 0.00668351 0.0035466 0.0171232 0.00701308 0.947607 0.00344826 0.0145785
10 0.966055 0.00107545 0.00237987 0.00181816 0.0263079 0.00107873 0.00128446
10 0.966576 0.000948314 0.00134237 0.00255264 0.0265786 0.00075118 0.00125044
-1 0.00744079 0.00744283 0.0268736 0.00401416 0.933145 0.00487885 0.0162045
10 0.966055 0.00107545 0.00237987 0.00181816 0.0263079 0.00107873 0.00128446
10 0.966576 0.000948314 0.00134237 0.00255264 0.0265786 0.00075118 0.00125044
0 0.0144808 0.0166538 0.854973 0.00974198 0.0822675 0.0117234 0.0101596
-1 0.00757787 0.0345263 0.0125793 0.00464902 0.919637 0.00405597 0.0169742
10 0.966055 0.00107545 0.00237987 0.00181816 0.0263079 0.00107873 0.00128446
10 0.966576 0.000948314 0.00134237 0.00255264 0.0265786 0.00075118 0.00125044
-1 0.00744079 0.00744283 0.0268736 0.00401416 0.933145 0.00487885 0.0162045
-1 0.00668351 0.0035466 0.0171232 0.00701308 0.947607 0.00344826 0.0145785
-1 0.00668351 0.0035466 0.0171232 0.00701308 0.947607 0.00344826 0.0145785
10 0.966055 0.00107545 0.00237987 0.00181816 0.0263079 0.00107873 0.00128446
10 0.966576 0.000948314 0.00134237 0.00255264 0.0265786 0.00075118 0.00125044
0 0.0144808 0.0166538 0.854973 0.00974198 0.0822675 0.0117234 0.0101596
-1 0.00757787 0.0345263 0.0125793 0.00464902 0.919637 0.00405597 0.0169742
-1 0.0154256 0.0173714 0.0277714 0.00632888 0.910874 0.0058708 0.0163583
-1 0.00668351 0.0035466 0.0171232 0.00701308 0.947607 0.00344826 0.0145785
10 0.966055 0.00107545 0.00237987 0.00181816 0.0263079 0.00107873 0.00128446
-3 0.0101359 0.00865951 0.029906 0.00978533 0.0202709 0.914256 0.00698627
-2 0.00454615 0.00442614 0.00823922 0.965432 0.00923755 0.00397814 0.00414041
-1 0.00317408 0.00268727 0.00834132 0.00473304 0.962713 0.00329896 0.0150526
10 0.966055 0.00107545 0.00237987 0.00181816 0.0263079 0.00107873 0.00128446
-3 0.0101359 0.00865951 0.029906 0.00978533 0.0202709 0.914256 0.00698627
-2 0.00454615 0.00442614 0.00823922 0.965432 0.00923755 0.00397814 0.00414041
-1 0.00717013 0.00991633 0.0282082 0.00592006 0.927597 0.00373169 0.0174568
-1 0.00757787 0.0345263 0.0125793 0.00464902 0.919637 0.00405597 0.0169742
10 0.966055 0.00107545 0.00237987 0.00181816 0.0263079 0.00107873 0.00128446
-3 0.0101359 0.00865951 0.029906 0.00978533 0.0202709 0.914256 0.00698627
-2 0.00454615 0.00442614 0.00823922 0.965432 0.00923755 0.00397814 0.00414041
-1 0.00317408 0.00268727 0.00834132 0.00473304 0.962713 0.00329896 0.0150526
-1 0.00668351 0.0035466 0.0171232 0.00701308 0.947607 0.00344826 0.0145785
-1 0.00668351 0.0035466 0.0171232 0.00701308 0.947607 0.00344826 0.0145785
10 0.966055 0.00107545 0.00237987 0.00181816 0.0263079 0.00107873 0.00128446
-3 0.0101359 0.00865951 0.029906 0.00978533 0.0202709 0.914256 0.00698627
-2 0.00454615 0.00442614 0.00823922 0.965432 0.00923755 0.00397814 0.00414041
-1 0.00717013 0.00991633 0.0282082 0.00592006 0.927597 0.00373169 0.0174568
-1 0.00757787 0.0345263 0.0125793 0.00464902 0.919637 0.00405597 0.0169742
-1 0.0154256 0.0173714 0.0277714 0.00632888 0.910874 0.0058708 0.0163583
-1 0.00668351 0.0035466 0.0171232 0.00701308 0.947607 0.00344826 0.0145785
10 0.966055 0.00107545 0.00237987 0.00181816 0.0263079 0.00107873 0.00128446
-1 0.00757787 0.0345263 0.0125793 0.00464902 0.919637 0.00405597 0.0169742
10 0.966055 0.00107545 0.00237987 0.00181816 0.0263079 0.00107873 0.00128446
1 0.00389242 0.965046 0.00489517 0.00304239 0.0182434 0.0023815 0.00249925
1 0.00280312 0.967284 0.00466749 0.00240628 0.018197 0.00244592 0.00219616
10 0.966055 0.00107545 0.00237987 0.00181816 0.0263079 0.00107873 0.00128446
1 0.00389242 0.965046 0.00489517 0.00304239 0.0182434 0.0023815 0.00249925
1 0.00373337 0.983329 0.00470797 0.00256006 0.00105392 0.00246752 0.00214841
1 0.00280312 0.967284 0.00466749 0.00240628 0.018197 0.00244592 0.00219616
10 0.966055 0.00107545 0.00237987 0.00181816 0.0263079 0.00107873 0.00128446
10 0.970805 0.00249947 0.00293796 0.00180981 0.0191401 0.00133961 0.0014679
1 0.00277966 0.966337 0.00498319 0.00250638 0.0182817 0.00261596 0.00249606
10 0.966055 0.00107545 0.00237987 0.00181816 0.0263079 0.00107873 0.00128446
10 0.970805 0.00249947 0.00293796 0.00180981 0.0191401 0.00133961 0.0014679
1 0.00371169 0.981326 0.00575756 0.0025883 0.00181457 0.00251447 0.00228694
1 0.00280312 0.967284 0.00466749 0.00240628 0.018197 0.00244592 0.00219616
10 0.966055 0.00107545 0.00237987 0.00181816 0.0263079 0.00107873 0.00128446
10 0.970805 0.00249947 0.00293796 0.00180981 0.0191401 0.00133961 0.0014679
1 0.00371169 0.981326 0.00575756 0.0025883 0.00181457 0.00251447 0.00228694
1 0.00373337 0.983329 0.00470797 0.00256006 0.00105392 0.00246752 0.00214841
1 0.00280312 0.967284 0.00466749 0.00240628 0.018197 0.00244592 0.00219616
10 0.966055 0.00107545 0.00237987 0.00181816 0.0263079 0.00107873 0.00128446
10 0.963654 0.00314348 0.00305737 0.000878208 0.0260321 0.00142339 0.00181147
1 0.00335976 0.965791 0.00515334 0.00241008 0.0183699 0.00248594 0.00243015
10 0.966055 0.00107545 0.00237987 0.00181816 0.0263079 0.00107873 0.00128446
10 0.963654 0.00314348 0.00305737 0.000878208 0.0260321 0.00142339 0.00181147
1 0.00388462 0.977934 0.00822463 0.00250938 0.00262045 0.00253716 0.00228971
1 0.00280312 0.967284 0.00466749 0.00240628 0.018197 0.00244592 0.00219616
10 0.966055 0.00107545 0.00237987 0.00181816 0.0263079 0.00107873 0.00128446
10 0.963654 0.00314348 0.00305737 0.000878208 0.0260321 0.00142339 0.00181147
1 0.00388462 0.977934 0.00822463 0.00250938 0.00262045 0.00253716 0.00228971
1 0.00373337 0.983329 0.00470797 0.00256006 0.00105392 0.00246752 0.00214841
1 0.00280312 0.967284 0.00466749 0.00240628 0.018197 0.00244592 0.00219616
10 0.966055 0.00107545 0.00237987 0.00181816 0.0263079 0.00107873 0.00128446
10 0.969772 0.00301657 0.00325749 0.000802707 0.0203408 0.00134526 0.00146467
10 0.977858 0.00313911 0.0062995 0.00154911 0.00798041 0.00168397 0.00148965
1 0.00277966 0.966337 0.00498319 0.00250638 0.0182817 0.00261596 0.00249606
10 0.966055 0.00107545 0.00237987 0.00181816 0.0263079 0.00107873 0.00128446
10 0.969772 0.00301657 0.00325749 0.000802707 0.0203408 0.00134526 0.00146467
10 0.977858 0.00313911 0.0062995 0.00154911 0.00798041 0.00168397 0.00148965
1 0.00371169 0.981326 0.00575756 0.0025883 0.00181457 0.00251447 0.00228694
1 0.00280312 0.967284 0.00466749 0.00240628 0.018197 0.00244592 0.00219616
10 0.966055 0.00107545 0.00237987 0.00181816 0.0263079 0.00107873 0.00128446
10 0.969772 0.00301657 0.00325749 0.000802707 0.0203408 0.00134526 0.00146467
10 0.977858 0.00313911 0.0062995 0.00154911 0.00798041 0.00168397 0.00148965
1 0.00371169 0.981326 0.00575756 0.0025883 0.00181457 0.00251447 0.00228694
1 0.00373337 0.983329 0.00470797 0.00256006 0.00105392 0.00246752 0.00214841
1 0.00280312 0.967284 0.00466749 0.00240628 0.018197 0.00244592 0.00219616
10 0.966055 0.00107545 0.00237987 0.00181816 0.0263079 0.00107873 0.00128446
10 0.970805 0.00249947 0.00293796 0.00180981 0.0191401 0.00133961 0.0014679
1 0.00453241 0.963805 0.00517035 0.00270686 0.0183898 0.00268785 0.00270729
-3 0.0104103 0.0096347 0.0298204 0.00845817 0.020219 0.914481 0.00697618
-2 0.00454615 0.00442614 0.00823922 0.965432 0.00923755 0.00397814 0.00414041
-1 0.00317408 0.00268727 0.00834132 0.00473304 0.962713 0.00329896 0.0150526
10 0.966055 0.00107545 0.00237987 0.00181816 0.0263079 0.00107873 0.00128446
10 0.970805 0.00249947 0.00293796 0.00180981 0.0191401 0.00133961 0.0014679
1 0.00371169 0.981326 0.00575756 0.0025883 0.00181457 0.00251447 0.00228694
1 0.00450262 0.964553 0.00499061 0.00255246 0.0183345 0.00255408 0.00251243
-3 0.0104103 0.0096347 0.0298204 0.00845817 0.020219 0.914481 0.00697618
-2 0.00454615 0.00442614 0.00823922 0.965432 0.00923755 0.00397814 0.00414041
-1 0.00317408 0.00268727 0.00834132 0.00473304 0.962713 0.00329896 0.0150526
10 0.966055 0.00107545 0.00237987 0.00181816 0.0263079 0.00107873 0.00128446
10 0.970805 0.00249947 0.00293796 0.00180981 0.0191401 0.00133961 0.0014679
1 0.00371169 0.981326 0.00575756 0.0025883 0.00181457 0.00251447 0.00228694
1 0.00373337 0.983329 0.00470797 0.00256006 0.00105392 0.00246752 0.00214841
1 0.00450262 0.964553 0.00499061 0.00255246 0.0183345 0.00255408 0.00251243
-3 0.0104103 0.0096347 0.0298204 0.00845817 0.020219 0.914481 0.00697618
-2 0.00454615 0.00442614 0.00823922 0.965432 0.00923755 0.00397814 0.00414041
-1 0.00317408 0.00268727 0.00834132 0.00473304 0.962713 0.00329896 0.0150526
10 0.966055 0.00107545 0.00237987 0.00181816 0.0263079 0.00107873 0.00128446
-1 0.00668351 0.0035466 0.0171232 0.00701308 0.947607 0.00344826 0.0145785
-1 0.0149438 0.00532802 0.0194035 0.00818906 0.928201 0.00768845 0.0162458
-1 0.0153762 0.00494776 0.0231267 0.00749237 0.927381 0.0046953 0.0169804
10 0.966055 0.00107545 0.00237987 0.00181816 0.0263079 0.00107873 0.00128446
10 0.966576 0.000948314 0.00134237 0.00255264 0.0265786 0.00075118 0.00125044
-1 0.00744079 0.00744283 0.0268736 0.00401416 0.933145 0.00487885 0.0162045
10 0.966055 0.00107545 0.00237987 0.00181816 0.0263079 0.00107873 0.00128446
-1 0.00668351 0.0035466 0.0171232 0.00701308 0.947607 0.00344826 0.0145785
-1 0.0176542 0.00617913 0.0275965 0.0111583 0.914234 0.00518711 0.0179911
-1 0.0187212 0.00496973 0.024417 0.00503057 0.924805 0.00460878 0.0174472
10 0.966055 0.00107545 0.00237987 0.00181816 0.0263079 0.00107873 0.00128446
-1 0.0127207 0.00555272 0.0227963 0.00809638 0.927943 0.00493392 0.0179575
-1 0.0237442 0.009084 0.0302746 0.00956123 0.897363 0.00624688 0.0237262
-1 0.0235571 0.0108481 0.0265804 0.00778574 0.900208 0.00571809 0.0253025
-1 0.0326688 0.0148565 0.017603 0.00772695 0.870102 0.0163884 0.0406542
-1 0.0225563 0.0105237 0.0212048 0.0152556 0.862138 0.00636247 0.0619596
10 0.966055 0.00107545 0.00237987 0.00181816 0.0263079 0.00107873 0.00128446
-1 0.0150095 0.00590729 0.0244798 0.00844683 0.922838 0.00510121 0.0182174
-1 0.0152325 0.00611807 0.0278233 0.00872934 0.918239 0.00541473 0.0184429
10 0.966055 0.00107545 0.00237987 0.00181816 0.0263079 0.00107873 0.00128446
-1 0.00668351 0.0035466 0.0171232 0.00701308 0.947607 0.00344826 0.0145785
-1 0.0150098 0.00590761 0.0244808 0.00845121 0.922833 0.00510066 0.0182173
-1 0.0152324 0.00611802 0.0278232 0.00872875 0.91824 0.00541469 0.0184429
10 0.966055 0.00107545 0.00237987 0.00181816 0.0263079 0.00107873 0.00128446
-1 0.0150098 0.00590761 0.0244808 0.00845121 0.922833 0.00510066 0.0182173
-1 0.0152324 0.00611802 0.0278232 0.00872875 0.91824 0.00541469 0.0184429
10 0.966055 0.00107545 0.00237987 0.00181816 0.0263079 0.00107873 0.00128446
-1 0.0168835 0.00718381 0.0242616 0.00758254 0.922185 0.00458724 0.0173161
-1 0.0178389 0.0175096 0.0179608 0.00683629 0.906167 0.0179727 0.0157151
-1 0.0117687 0.0341237 0.0136258 0.00860672 0.913007 0.00426124 0.0146069
10 0.966055 0.00107545 0.00237987 0.00181816 0.0263079 0.00107873 0.00128446
-1 0.025242 0.00966697 0.0275185 0.00780611 0.904298 0.00583502 0.0196334
-1 0.0204748 0.0164015 0.0180011 0.00676477 0.896836 0.0203079 0.0212143
10 0.960866 0.00285602 0.00289016 0.00240669 0.0260928 0.00188948 0.00299864
-1 0.0153808 0.0124332 0.0150555 0.0058049 0.560621 0.00606797 0.384637
-1 0.0157473 0.0101283 0.0132196 0.00642877 0.562826 0.00583636 0.385814
-1 0.0157238 0.00985815 0.0131459 0.00650138 0.563161 0.005562 0.386048
-1 0.0139021 0.0109869 0.0105934 0.00559423 0.564985 0.00536815 0.38857
-1 0.0140738 0.00949719 0.0122679 0.0049388 0.714071 0.00481275 0.240338
10 0.966055 0.00107545 0.00237987 0.00181816 0.0263079 0.00107873 0.00128446
-1 0.0150082 0.00590613 0.0244739 0.00844764 0.92285 0.00510063 0.0182137
-1 0.0223892 0.00924248 0.0304349 0.0092375 0.901394 0.00581199 0.02149
-1 0.0223744 0.00926917 0.0304145 0.00848841 0.900941 0.00700949 0.0215033
10 0.966055 0.00107545 0.00237987 0.00181816 0.0263079 0.00107873 0.00128446
-1 0.0168835 0.00718381 0.0242616 0.00758254 0.922185 0.00458724 0.0173161
-1 0.0134068 0.00553007 0.0144814 0.00615788 0.92853 0.015571 0.0163233
-1 0.0191068 0.00663941 0.0252752 0.0147044 0.913113 0.00540745 0.015754
10 0.966055 0.00107545 0.00237987 0.00181816 0.0263079 0.00107873 0.00128446
-1 0.00995141 0.00542435 0.0201477 0.00703348 0.929657 0.0043707 0.0234151
-1 0.0252512 0.0113013 0.0291851 0.00831151 0.896461 0.00599177 0.0234977
-1 0.0286076 0.00991476 0.0169252 0.00765268 0.883421 0.018335 0.0351438
-1 0.0326305 0.0138493 0.019631 0.01378 0.852203 0.00673486 0.0611717
-1 0.0299641 0.0103478 0.0204235 0.00678544 0.856476 0.0055411 0.0704621
10 0.966055 0.00107545 0.00237987 0.00181816 0.0263079 0.00107873 0.00128446
10 0.966576 0.000948314 0.00134237 0.00255264 0.0265786 0.00075118 0.00125044
-1 0.00744079 0.00744283 0.0268736 0.00401416 0.933145 0.00487885 0.0162045
-1 0.0149438 0.00532802 0.0194035 0.00818906 0.928201 0.00768845 0.0162458
-1 0.0153762 0.00494776 0.0231267 0.00749237 0.927381 0.0046953 0.0169804
10 0.966055 0.00107545 0.00237987 0.00181816 0.0263079 0.00107873 0.00128446
10 0.956869 0.00514668 0.00608027 0.00403749 0.0224732 0.00291954 0.00247435
-1 0.028179 0.0148101 0.0153485 0.00813138 0.906785 0.00634627 0.0203997
-1 0.00744079 0.00744283 0.0268736 0.00401416 0.933145 0.00487885 0.0162045
10 0.966055 0.00107545 0.00237987 0.00181816 0.0263079 0.00107873 0.00128446
10 0.966576 0.000948314 0.00134237 0.00255264 0.0265786 0.00075118 0.00125044
-1 0.00744079 0.00744283 0.0268736 0.00401416 0.933145 0.00487885 0.0162045
-1 0.0176542 0.00617913 0.0275965 0.0111583 0.914234 0.00518711 0.0179911
-1 0.0187212 0.00496973 0.024417 0.00503057 0.924805 0.00460878 0.0174472
10 0.966055 0.00107545 0.00237987 0.00181816 0.0263079 0.00107873 0.00128446
10 0.962408 0.00226429 0.00260007 0.0029084 0.0260873 0.00169035 0.00204144
-1 0.0147638 0.0161415 0.029575 0.00518842 0.90888 0.00636542 0.0190856
-1 0.0237442 0.009084 0.0302746 0.00956123 0.897363 0.00624688 0.0237262
-1 0.0235571 0.0108481 0.0265804 0.00778574 0.900208 0.00571809 0.0253025
-1 0.0326688 0.0148565 0.017603 0.00772695 0.870102 0.0163884 0.0406542
-1 0.0225563 0.0105237 0.0212048 0.0152556 0.862138 0.00636247 0.0619596
10 0.966055 0.00107545 0.00237987 0.00181816 0.0263079 0.00107873 0.00128446
10 0.962428 0.00226067 0.00260445 0.00291388 0.0260549 0.00169187 0.00204646
-1 0.0158591 0.0162396 0.029655 0.00520942 0.907555 0.00640225 0.0190797
-1 0.0152325 0.00611807 0.0278233 0.00872934 0.918239 0.00541473 0.0184429
10 0.966055 0.00107545 0.00237987 0.00181816 0.0263079 0.00107873 0.00128446
10 0.966576 0.000948314 0.00134237 0.00255264 0.0265786 0.00075118 0.00125044
-1 0.00744079 0.00744283 0.0268736 0.00401416 0.933145 0.00487885 0.0162045
-1 0.0150098 0.00590761 0.0244808 0.00845121 0.922833 0.00510066 0.0182173
-1 0.0152324 0.00611802 0.0278232 0.00872875 0.91824 0.00541469 0.0184429
10 0.966055 0.00107545 0.00237987 0.00181816 0.0263079 0.00107873 0.00128446
10 0.966576 0.000948314 0.00134237 0.00255264 0.0265786 0.00075118 0.00125044
-1 0.015859 0.0162394 0.029656 0.00521168 0.907555 0.00639967 0.0190793
-1 0.0152324 0.00611802 0.0278232 0.00872875 0.91824 0.00541469 0.0184429
10 0.966055 0.00107545 0.00237987 0.00181816 0.0263079 0.00107873 0.00128446
10 0.966576 0.000948314 0.00134237 0.00255264 0.0265786 0.00075118 0.00125044
-1 0.0161202 0.0167437 0.0298169 0.00482955 0.908464 0.00580922 0.0182165
-1 0.0178389 0.0175096 0.0179608 0.00683629 0.906167 0.0179727 0.0157151
-1 0.0117687 0.0341237 0.0136258 0.00860672 0.913007 0.00426124 0.0146069
10 0.966055 0.00107545 0.00237987 0.00181816 0.0263079 0.00107873 0.00128446
10 0.962461 0.00220004 0.00250436 0.00288352 0.0260667 0.00189996 0.00198466
-1 0.022934 0.0194328 0.032025 0.00552186 0.893296 0.00680063 0.01999
-1 0.0204748 0.0164015 0.0180011 0.00676477 0.896836 0.0203079 0.0212143
10 0.960866 0.00285602 0.00289016 0.00240669 0.0260928 0.00188948 0.00299864
-1 0.0153808 0.0124332 0.0150555 0.0058049 0.560621 0.00606797 0.384637
-1 0.0157473 0.0101283 0.0132196 0.00642877 0.562826 0.00583636 0.385814
-1 0.0157238 0.00985815 0.0131459 0.00650138 0.563161 0.005562 0.386048
-1 0.0139021 0.0109869 0.0105934 0.00559423 0.564985 0.00536815 0.38857
-1 0.0140738 0.00949719 0.0122679 0.0049388 0.714071 0.00481275 0.240338
10 0.966055 0.00107545 0.00237987 0.00181816 0.0263079 0.00107873 0.00128446
10 0.966576 0.000948314 0.00134237 0.00255264 0.0265786 0.00075118 0.00125044
-1 0.0158564 0.0162372 0.0296392 0.00521006 0.907584 0.00640107 0.0190717
-1 0.0223892 0.00924248 0.0304349 0.0092375 0.901394 0.00581199 0.02149
-1 0.0223744 0.00926917 0.0304145 0.00848841 0.900941 0.00700949 0.0215033
10 0.966055 0.00107545 0.00237987 0.00181816 0.0263079 0.00107873 0.00128446
10 0.966576 0.000948314 0.00134237 0.00255264 0.0265786 0.00075118 0.00125044
-1 0.0161202 0.0167437 0.0298169 0.00482955 0.908464 0.00580922 0.0182165
-1 0.0134068 0.00553007 0.0144814 0.00615788 0.92853 0.015571 0.0163233
-1 0.0191068 0.00663941 0.0252752 0.0147044 0.913113 0.00540745 0.015754
10 0.966055 0.00107545 0.00237987 0.00181816 0.0263079 0.00107873 0.00128446
10 0.962849 0.00216396 0.00246043 0.00286762 0.0260733 0.00144627 0.00213902
-1 0.0124071 0.0133714 0.0297773 0.00486295 0.910553 0.00636431 0.0226639
-1 0.0252512 0.0113013 0.0291851 0.00831151 0.896461 0.00599177 0.0234977
-1 0.0286076 0.00991476 0.0169252 0.00765268 0.883421 0.018335 0.0351438
-1 0.0326305 0.0138493 0.019631 0.01378 0.852203 0.00673486 0.0611717
-1 0.0299641 0.0103478 0.0204235 0.00678544 0.856476 0.0055411 0.0704621
10 0.966055 0.00107545 0.00237987 0.00181816 0.0263079 0.00107873 0.00128446
10 0.966055 0.00107545 0.00237987 0.00181816 0.0263079 0.00107873 0.00128446
10 0.966055 0.00107545 0.00237987 0.00181816 0.0263079 0.00107873 0.00128446
10 0.966055 0.00107545 0.00237987 0.00181816 0.0263079 0.00107873 0.00128446
10 0.966055 0.00107545 0.00237987 0.00181816 0.0263079 0.00107873 0.00128446
10 0.966055 0.00107545 0.00237987 0.00181816 0.0263079 0.00107873 0.00128446
10 0.966055 0.00107545 0.00237987 0.00181816 0.0263079 0.00107873 0.00128446
10 0.966055 0.00107545 0.00237987 0.00181816 0.0263079 0.00107873 0.00128446
10 0.966055 0.00107545 0.00237987 0.00181816 0.0263079 0.00107873 0.00128446
10 0.966055 0.00107545 0.00237987 0.00181816 0.0263079 0.00107873 0.00128446
10 0.966055 0.00107545 0.00237987 0.00181816 0.0263079 0.00107873 0.00128446
10 0.966055 0.00107545 0.00237987 0.00181816 0.0263079 0.00107873 0.00128446
10 0.966055 0.00107545 0.00237987 0.00181816 0.0263079 0.00107873 0.00128446
10 0.966055 0.00107545 0.00237987 0.00181816 0.0263079 0.00107873 0.00128446
10 0.966055 0.00107545 0.00237987 0.00181816 0.0263079 0.00107873 0.00128446
10 0.966055 0.00107545 0.00237987 0.00181816 0.0263079 0.00107873 0.00128446
10 0.966055 0.00107545 0.00237987 0.00181816 0.0263079 0.00107873 0.00128446
10 0.966055 0.00107545 0.00237987 0.00181816 0.0263079 0.00107873 0.00128446
