svm_type c_svc
kernel_type rbf
gamma 0.5
nr_class 7
total_sv 52
rho 0.479616 0.218408 0.22375 -0.063647 0.04992 -0.435197 0.484777 0.178553 -0.213325 -0.390732 -0.422481 -0.0295681 -0.125986 -0.171883 -0.25824 -0.224702 -0.221549 -0.288953 0.0877682 0.0154186 -0.22691
label 1 2 3 4 5 6 7
probA -3.16148 -2.83717 -2.75904 -3.10449 -2.74998 -2.79511 -2.41223 -2.64079 -3.07393 -2.78685 -2.76563 -2.52685 -2.41683 -2.29625 -2.20602 -2.90837 -2.17682 -2.50371 -2.70049 -2.48971 -2.35876
probB -0.0992457 -0.512236 -0.246768 -0.425296 -0.233821 -0.513488 -0.402226 0.01893 -0.247841 -0.160796 -0.651024 0.451432 0.218255 0.225614 0.0848788 -0.314249 -0.186264 -0.0685231 0.0325044 0.0529306 -0.274274
nr_sv 11 12 4 11 3 7 4
SV
5.645060576277099 1.282577290022705 8 0.7087706801682769 3.218152090439953 1.787793362384696 8:0.5 
1.295623463543907 1.059594589937662 2.918216821210167 0.9603842393703121 7.809433011873505 1.609471718962782 9:0.5 
4.565007158142205 1.071932979395196 2.015517688746 0.5519467463713748 2.407833270635794 2.227771201911848 1:0.333333 15:0.5 
0.1380259045567646 0 0 0 0 0 1:0.333333 9:0.5 15:0.5 
0.00700369967648623 0 0 0 0 0 1:0.333333 8:1 15:0.5 
2.220031674927539 0.9099318483298227 0 0.02605826526602293 0 0 1:0.333333 8:1 15:0.5 
0 0 0 0.2630358668075879 0 0 1:0.333333 8:1 
0 0 0.8038826761317951 0 0 0.5355960921227226 1:0.333333 8:0.5 
3.422229707419986 0 0 0 0 0 1:0.333333 9:0.5 15:0.5 
0 0.2915262611544359 0 0.3218027795734294 0 0 1:1 9:0.5 15:0.5 
0 0 0 0 0 0.8531695261364733 1:0.666667 9:0.5 
-0 0 5.184008856513666 1.039932689698665 5.511543158368602 3.102033488125943 2:0.5 
-0.502772497689196 0 0.09474416036216884 0.122469016529434 0.1387641428568257 0.2500493833419775 1:0.333333 2:0.5 13:1 
-0 0 0 0.07561457642842725 0 0 2:0.5 13:1 15:1 
-0.151592950136804 0.4927397657796452 0.4058385118573978 0.4006973341013638 0.2712775168852193 0.208714007359705 1:0.333333 2:0.5 9:1 13:1 15:0.5 
-0.03589743375826751 0 0 0 0 0 2:0.5 8:0.5 
-0 0.3243239598284482 0.2993067903878391 0.00894702303349861 0 0 1:0.333333 2:1 13:1 14:0.25 15:0.5 
-2.581368587636009 2.040056408953081 2.542260396903917 0.6523976387942872 2.878520690642546 1.706785704203484 3:0.5 15:0.5 
-0 0.6190611410732891 0.3897303116092956 0.2114080939510295 0.1926966403301351 0.1333937909242186 3:0.5 8:0.5 13:1 15:0.5 
-4.411647929440995 8 0.7114110683250656 0.1243855896400262 0.06957959167518886 0.09741880797884514 3:0.5 8:0.5 15:0.5 
-4.588127976978448 0 1.516018256206014 0.2432274944703591 0.1952473260789694 0.1865706170452771 2:0.5 8:0.5 
-4.226849392109588 0 0 0 0 0 1:0.333333 2:0.5 9:0.5 15:0.5 
-0.7947254167946796 0 0 0 0 0 1:0.333333 2:0.5 15:0.5 
-2.26908376418845 -2.17778033528979 2.239331367028272 1.269472463534092 2.246640870582675 1.812105154829218 10:1 
-0 -0.8315733081359493 0 0 0 0 3:1 8:0.5 15:0.5 
-2.346479204651371 -7.92221153878954 2.573158390281663 1.052556403316112 1.659993169676985 1.359730242932058 3:1 8:0.5 15:0.5 
-0 -0.5446160934191822 0 0 0 0 3:0.5 10:1 15:0.5 
-6.123826853297872 -3.829795923824603 -0.9677763622113748 0.8681648627656636 5.227863705860514 2.238688251403848 4:0.5 
-0 -2.114507876279811 -0.001177591907954974 0.122922435665039 0 0 2:1 4:0.5 14:0.5 
-0 -0 -0.2796225134285428 0.3994862514707582 0 0.8721445931049817 1:0.333333 4:0.5 5:1 7:0.5 14:0.5 
-0 -2.780630736801894 -1.792351112422686 0.1510083559450842 0 0.3723100458710874 3:0.5 14:0.5 
-0 -0 -0.7189533370466652 0.2575228631032366 0 0 3:1 4:1 7:0.5 14:0.5 
-0 -0.4369912508388566 -0.2196291166925493 0.1620766272946715 0 0.4426364334172996 2:1 4:0.5 7:0.5 14:0.5 
-7.61379033279009 -1.981392564420201 -0.8329797236001615 0.3678452052293335 0 0.3731648295098942 8:0.5 14:0.5 
-0 -0 -0 0.2133482240204012 8 0.3401251307364608 12:0.25 14:0.5 
-0 -0 -0 0.7973839797300831 0 1.89097789968296 4:0.5 5:1 7:0.5 14:0.5 
-0 -0 -0 0 0 0.006519053142550985 4:0.5 7:0.5 14:0.5 
-0 -0 -0 0 0 1.931315571713321 4:0.5 7:0.5 14:0.5 
-0.260378380480375 -0.2959198735979103 -0.2744720560295262 -0.4007562663053137 0.2654393320747291 0 5:1 11:1 14:0.25 
-0.5616361106762456 -0.6428920945437329 -0.5959243005727279 -1.347594134749864 0.5759763626672485 1.614202711477339 4:0.5 5:1 7:0.5 11:1 
-2.009984086400383 -1.940267488505448 -1.45163251024795 -1.591408404169094 2.031912206852056 1.379600029530023 11:1 
-8 -8 -2.810117026736241 -8 -2.014681108123062 6.461929134037872 12:0.25 
-0 -0.6627965298706467 -0.1226839083151545 -0 -0.08204162214716999 0.2892994424980185 6:1 9:1 12:0.5 
-0 -0.03665773522039621 -0.583898684938872 -0 -0.4751387977328718 0 6:1 9:1 12:1 
-2.108762077645598 -0 -0 -0 -0 0 6:0.5 9:1 12:0.5 
-2.358106092334169 -0 -0 -3.302104277528779 -0 0 9:0.5 12:0.5 14:0.25 
-0.9685502029694857 -0 -0 -1.89420654099296 -0 0 6:0.5 12:0.25 
-0 -0.5581748017464463 -0.3899344202693931 -0.03155288733877483 -0.3014663735909293 0.3114694541212145 6:1 12:0.25 
-0.2734774297819658 -0.4296989909028223 -0.6480160656868033 -2.917402915425248 -1.363624300383863 -0.05706234442653399 4:0.5 5:1 7:1 
-4.079424190904714 -0.9032992112968556 -0.6422456847039556 -1.074660931772918 -0.5036704060215234 -0.6301468991993091 1:0.333333 7:0.5 
-0 -0 -0 -0.3053890864484842 -0 -0 4:0.5 7:1 
-2.660900280831842 -4.351967596779771 -1.881573647370516 -4.170428874935755 -1.126508034601975 -6.375488787031263 7:0.5 
