svm_type c_svc
kernel_type rbf
gamma 0.0078125
nr_class 4
total_sv 63
rho 0 0.00386047 0 0.00386047 0.252924 -0.00411097
label 1 2 10 0
probA -2.99085 -3.62571 -3.56942 -3.21598 -6.00957 -3.79495
probB -0.410274 0.224509 0.168236 0.634148 -2.30603 -0.0563663
nr_sv 17 12 17 17
SV
0 0 0.5009765550202587 8:1 
0 0 8 8:1 
0 0 8 8:1 
0 0 8 8:1 
0 0 8 8:1 
0 0 8 8:1 
0 0 8 8:1 
0 0 8 8:1 
0.5012091177861419 0.5020944617696401 8 8:1 
8 8 8 8:1 
8 8 8 8:1 
8 8 8 8:1 
8 8 8 8:1 
8 8 8 8:1 
8 8 8 8:1 
8 8 8 8:1 
8 8 8 8:1 
-0 0 8 9:1 
-0 0 8 9:1 
-0 0 8 9:1 
-0.5012091177861419 0.5020944617696401 8 9:1 
-8 8 8 9:1 
-8 8 8 9:1 
-8 8 8 9:1 
-8 8 8 9:1 
-8 8 8 9:1 
-8 8 8 9:1 
-8 8 8 9:1 
-8 8 8 9:1 
-0 -0 7.879148990657013 1:1 
-0 -0 8 1:1 
-0 -0 8 1:1 
-0 -0 8 1:1 
-0 -0 8 1:1 
-0 -0 8 1:1 
-0 -0 8 1:1 
-0 -0 8 1:1 
-8 -8 8 1:1 
-8 -8 8 1:1 
-8 -8 8 1:1 
-8 -8 8 1:1 
-8 -8 8 1:1 
-0.5020944617696401 -0.5020944617696401 0.5616346224576279 1:1 15:1 
-8 -8 8 1:1 
-8 -8 8 1:1 
-8 -8 8 1:1 
-0.5009765550202587 -0 -0.5038917879305111 
-8 -0 -8 
-8 -0 -8 
-8 -0 -8 
-8 -0 -8 
-8 -8 -8 
-8 -8 -8 
-8 -8 -8 
-8 -8 -8 
-8 -8 -8 
-8 -8 -8 
-8 -8 -8 
-8 -8 -8 
-8 -8 -8 
-8 -8 -8 
-8 -8 -8 
-8 -8 -7.93689182518413 
