svm_type c_svc
kernel_type rbf
gamma 0.0078125
nr_class 5
total_sv 63
rho 0 0.128411 0.128411 -0.875971 0 0 -0.875971 0 -0.937744 -0.81468
label 5 10 0 2 -2
probA -2.89955 -4.45659 -4.74228 128683 -3.4142 -2.99071 128066 -3.09311 -120877 71528.6
probB 0.191495 -1.18187 -0.999 -128685 -0.138972 -0.100334 -128068 -0.202733 120874 -71530.9
nr_sv 14 17 17 14 1
SV
0 8 8 0 12:1 
0 8 8 0 12:1 
0 8 8 0 12:1 
0 8 8 0 12:1 
0 8 8 0 12:1 
0.5012091177861419 8 8 0 12:1 
8 8 8 0 12:1 
8 8 8 0 12:1 
8 8 8 0 12:1 
8 8 8 0 12:1 
8 8 8 0 12:1 
8 8 8 0 12:1 
8 8 8 0 12:1 
8 8 8 8 12:1 
-0 0.5009765550202587 0 0 7:1 
-0 8 0 0 7:1 
-0 8 0 0 7:1 
-0 8 0 0 7:1 
-0 8 0 0 7:1 
-0 8 0 0 7:1 
-0 8 0 0 7:1 
-0 8 0 0 7:1 
-0.5012091177861419 8 0 0 7:1 
-8 8 0 0 7:1 
-8 8 0 0 7:1 
-8 8 3.168596453309455 0 7:1 
-8 8 8 0 7:1 
-8 8 8 0 7:1 
-8 8 8 0 7:1 
-8 8 8 0 7:1 
-8 8 8 8 7:1 
-0 -0.5009765550202587 0 0 
-0 -8 0 0 
-0 -8 0 0 
-8 -8 0 0 
-8 -8 0 0 
-8 -8 0 0 
-8 -8 0 0 
-8 -8 0 0 
-8 -8 0.5012091177861419 0 
-8 -8 8 0 
-8 -8 8 0 
-8 -8 8 0 
-8 -8 8 0 
-8 -8 8 0 
-8 -8 8 0 
-8 -8 8 0 
-8 -8 8 8 
-8 -0 -0 0 9:1 12:1 
-8 -0 -0 0 9:1 12:1 
-8 -0 -0 0 9:1 12:1 
-8 -0 -0 0 9:1 12:1 
-8 -0 -0 0 9:1 12:1 
-8 -0 -0.5012091177861419 0 9:1 12:1 
-8 -0 -8 0 9:1 12:1 
-8 -0 -8 0 9:1 12:1 
-8 -3.168596453309455 -8 0 9:1 12:1 
-8 -8 -8 0 9:1 12:1 
-8 -8 -8 0 9:1 12:1 
-8 -8 -8 0 9:1 12:1 
-8 -8 -8 0 9:1 12:1 
-8 -8 -8 8 9:1 12:1 
-8 -8 -8 -8 14:1 
