svm_type c_svc
kernel_type rbf
gamma 0.0078125
nr_class 8
total_sv 233
rho -0.0749534 0.0888724 -0.0159146 -0.0163928 -0.366802 -0.146604 -0.880596 0.164344 0.056536 0.145454 0.055159 -0.0176082 -0.878571 -0.0560029 -0.0187889 -0.544297 -0.0744985 -0.940339 0.152428 0.0450284 -0.0901561 -0.819445 -0.163253 -0.251364 -0.885384 -0.26771 -0.841765 -0.754823
label 10 4 -1 3 -2 0 -3 5
probA -4.75073 -4.20673 -4.54431 -4.77478 -3.89417 -3.92824 106.429 -5.15791 -4.12077 -4.12941 -3.85945 -3.53032 4.34871 -4.69379 -4.91125 -5.23651 -4.18588 -144.761 -4.28599 -3.89181 -4.55429 2.19115 -4.28476 -3.67928 -249.829 -3.55884 6.03756 110953
probB -0.472156 0.259055 -0.521249 -0.358589 -0.203972 -1.18451 -110.994 -0.0488124 -0.114352 0.360998 0.0819732 -0.760257 -8.08799 -0.693312 -0.352733 1.10208 -1.36028 139.984 0.264339 0.043499 0.653256 -5.57444 -0.0917953 -0.932164 245.815 -0.427015 -9.44206 -110955
nr_sv 38 19 70 19 45 26 15 1
SV
0 8 0 0 0 0 0 4:1 40:1 45:1 
0 0 0 0 7.770003552138614 0 0 4:1 7:1 19:1 
0 0.4615915494924545 0 0 0 0 0 4:1 45:1 
0 8 0 0 7.296877450497103 0 0 4:1 40:1 45:1 
0 0 0 7.692533510566223 0 0 0 4:1 44:1 
0 0 0 0 8 0 0 4:1 7:1 19:1 
0 8 0 0 0 0 0 4:1 45:1 
0 0 0 8 0 0 0 4:1 44:1 
0 8 0 0 8 0 0 4:1 40:1 45:1 
0 0 0 8 0 0 0 4:1 44:1 
0.2154784949180808 3.978739287609836 0.8971676990852712 0 7.719187377443251 1.407296101985581 0 4:1 7:1 19:1 
0 0 0 0 6.383606629310158 0 0 4:1 34:1 37:1 
0 8 0 0 0 0 0 4:1 45:1 
6.533529905207669 0 0 0 8 0 0 4:1 34:1 37:1 
0 0 0 0 8 0 0 4:1 7:1 19:1 44:1 
0 0 0 8 0 0 0 4:1 44:1 
0.4649417627205158 8 0.4815419299303459 4.063662352821413 8 0.4234642115421369 0.06035559007752367 4:1 40:1 45:1 
0 0 0 8 0 0 0 4:1 44:1 
2.89927640508426 0.5437841611183601 0.5018486452916743 0.94671268666343 8 0.4470009888583712 0.06082715740523126 4:1 34:1 37:1 
0 0.5388406812174208 0.3794595210577743 2.664196723354556 0.2303525394073844 0 0 4:1 7:1 19:1 44:1 
0 3.865531557306881 0 0 0 0 0 4:1 
0.2185507168613194 0 0 0 0 0 0.02983345730411738 4:1 7:1 31:1 
0 8 0 0 0 0 0 4:1 
0 8 0 0 0 0 0 4:1 
0.3302731323089376 0 0.08028762525280167 0 0 0 0 4:1 7:1 26:1 33:1 
0 8 0 0 0 0 0 4:1 
8 8 8 8 8 8 2.687364271672791 3:1 18:1 
0 8 0 0 0 0 0 4:1 
5.8809394130086 8 0 0 0 0 0 4:1 
8 8 0 0 0 3.099812631653569 0 4:1 
8 8 2.094940593924203 0 0 8 0 4:1 
0.4640087864265475 0 0.143264487309563 6.915336208489157 0 0.4586016456914045 0 4:1 44:1 
0 8 0 0 0 0 0 4:1 45:1 
0.02330835307161205 8 0.02831641854547872 0 0 0.03303468851384341 0 4:1 45:1 
8 8 8 0 0 8 0 4:1 
8 7.709387058298588 8 0 0 8 0 4:1 
0 0 0 3.906260965307424 0 0 0.06153402530610477 4:1 7:1 26:1 44:1 
8 0 8 0 0 8 5.100085498234232 4:1 
-8 8 0 0 0 1.961589965733653 0 11:1 
-8 8 0 4.8136762449377 3.761830317748263 8 0 11:1 
-8 8 1.813077564526812 8 8 8 0 11:1 
-8 8 8 8 8 8 0 11:1 
-0 7.441855224485669 0 0 0 0 0 11:1 30:1 
-0 8 0 0 0 0 0 11:1 30:1 
-8 8 8 8 8 8 0 11:1 
-8 8 8 6.578510509330425 8 8 0 11:1 
-0 0 0 0 2.954915282312242 0 0 11:1 30:1 34:1 37:1 
-0 8 0 0 0 0 0 11:1 30:1 
-0.6361645681020998 0 0 0 8 0 0 11:1 30:1 34:1 37:1 
-0 8 0 0 0 0 0 11:1 30:1 
-0 8 0 0 0 0 0 11:1 25:1 30:1 
-0.5400146984744204 0.0143347630611415 0.2010692255153499 0 0.5279608422954545 0.1734841018875047 0.01862996596364682 11:1 25:1 30:1 34:1 37:1 
-0 0.4020806821807952 0.3370612657081462 0.5746489871741239 0 0.326711759402126 0.03100850283137117 11:1 25:1 30:1 44:1 
-0 0 0 6.010169574705375 0 0 0 11:1 30:1 44:1 
-0 0.1806890222741764 0 8 0 0 0 11:1 30:1 44:1 
-7.854127703031021 8 8 8 0.5713567471897733 0.492582893677925 7.919353028373611 11:1 29:1 
-8 0.5785674542363268 0.2301805731240631 0 7.891755211382187 0.2272139401063309 0.0310085028313711 11:1 30:1 34:1 37:1 
-0 -0 8 0 0 8 0 41:1 
-0 -0 0 0 8 0 0 19:1 22:1 40:1 45:1 
-0 -0 0 0 8 0 0 19:1 22:1 40:1 45:1 
-0 -0 0 1.074690502218908 8 0 0 19:1 22:1 40:1 45:1 
-0 -0 0 6.782215001519205 0 0 0 29:1 40:1 45:1 
-0 -0 8 0 0 8 0 41:1 
-0 -0 0 0 7.172094780782149 0 0 40:1 45:1 
-0 -0 0 0 8 0 0 40:1 45:1 
-0 -0 0 0 8 0 0 40:1 45:1 
-0 -0 0 0 8 0 0 40:1 45:1 
-0 -0 0 0 8 0 0 40:1 45:1 
-8 -0 0 0 0 0 0 45:1 
-8 -0 0 0 0 0 0 45:1 
-0.4406194573197199 -0.4003584991969407 0.5017725950204021 1.020175759875887 0 0.4951393831740392 0 26:1 
-0.4575074396585597 -0.372565737229575 8 1.309991214073254 0 8 0 41:1 
-0 -0 0 0 8 0 0 40:1 45:1 
-0 -0 0 0 8 0 0 40:1 45:1 
-0 -0 0 2.607711037258939 0 0 0 19:1 22:1 
-0 -0 0 8 5.623539927418879 0 0 19:1 22:1 
-0 -0 0 8 8 0 0 19:1 22:1 
-0 -0 0 0 8 0 0 40:1 45:1 
-0 -0 0 0 8 0 0 40:1 45:1 
-0 -0 0 8 8 0 0 19:1 22:1 
-0 -0 0 0 8 0 0 40:1 45:1 
-8 -0 0 0 8 0 0 40:1 45:1 
-0 -0 0 8 8 0 0 19:1 22:1 
-0 -0 0 8 8 0 0 19:1 22:1 
-0 -0 0 3.75529683619063 0 0 0 29:1 
-0 -0 0 8 8 0 0 19:1 22:1 
-8 -0 0 0 8 0 0 40:1 45:1 
-0 -0 0 8 0 0 0 29:1 
-7.967417930084534 -0 0 0 8 0.004379859152879768 0 40:1 45:1 
-0 -0 0.05023664095272258 8 8 0.1483288701694613 0 19:1 22:1 
-0 -0 0 8 0 0 0 29:1 
-0 -0 0 8 0 0 0 29:1 
-7.216794719750663 -8 0 0 0 0 0 
-8 -8 0 0 0 0 0 
-0 -0 0 8 0 0 0 29:1 
-8 -8 0 0 0 0 0 
-8 -8 0 0 0 0 0 
-0 -0 0 8 0 0 0 29:1 
-8 -8 0 0 0 0.5154147181120057 0 
-8 -0 0 0 4.012882083016385 0 0 45:1 
-0 -0 0 8 0 0 0 29:1 
-8 -8 0 0 0 8 0 
-8 -8 0 0 0 8 0 
-0 -0 0 2.355290448494328 0 0 0 29:1 
-8 -8 0 0 0 8 0 
-7.387072697978722 -8 2.692208302434788 0 0 8 0 
-0 -6.306439938633675 8 0 0 8 0 
-8 -0 0 0 0 0 0 45:1 
-0 -0.3290099907392444 0 0 0 0 0 2:1 29:1 
-0.05152092935853477 -0 0 0 0 0 0 3:1 29:1 
-0 -0.29989752787602 0.1172333174107705 0.5220218808268907 0.2153397302619368 0.1314654134732194 0 6:1 29:1 40:1 45:1 
-0 -0.419869952315186 0.1780051368158975 0.4748319339583256 0 0.1606416932108025 0 7:1 29:1 
-8 -0.1081881437669768 0 0.350398839683879 0 0 0 4:1 29:1 40:1 45:1 
-0 -0.2962358311145753 0.2256900544334242 2.398387212072812 0.192582914335931 0.3537179321268069 0.02059267089801002 1:1 19:1 22:1 31:1 32:1 
-0.4614664465327644 -0.06091502239191025 0.4049712559292641 0 0.161167130821428 0.3599054264581062 0.01503962161137019 1:1 2:1 16:1 40:1 45:1 
-0 -0 0 0.5284692828188632 0.04325934629635429 0 0 2:1 29:1 40:1 45:1 
-0 -0 0.2798871954214112 0 0.2536825244597457 0.2675709708457404 0 3:1 19:1 22:1 
-8 -0.4098413223441384 0.5017725950204003 0 0 0.4925114331896445 0 18:1 
-0.4611904479126768 -0.4019220779519297 0.1999764724709518 1.419640130204905 0 0.1838274898421679 0 3:1 29:1 33:1 
-8 -0.1917354403827551 0.4991903111511761 0.1818071210185915 0.2281798492133466 0.4620609398659991 0 4:1 19:1 22:1 
-0 -0 8 0 8 8 0 19:1 
-0 -0.1890041861336421 0.420929247962382 0 0 0 0 1:1 16:1 
-0 -0.3798730193890841 0.1778296378582922 0.4951501401975864 0 0.1735551110075624 0 9:1 29:1 
-0.3931629108564108 -8 2.434979732334591 0.50789473189552 0 0.4074073026098316 0.01608945158412367 8:1 25:1 30:1 38:1 
-0.2611213155909562 -0 0 0 0 0.2823073588296618 0 8:1 23:1 
-0 -0.420004916959238 8 0.4918955706614109 0 0.1605669669375979 0 10:1 29:1 
-0 -6.031665539813218 0 0 0 0 7.948278255906496 29:1 
-0 -0 -0 0 0 8 0 10:1 15:1 19:1 41:1 
-0 -0 -0 0 7.240048283723021 8 0 10:1 15:1 19:1 41:1 
-0 -0 -0 0 8 8 0 10:1 15:1 19:1 41:1 
-0 -0 -0 0 0 6.574349673664504 0 10:1 15:1 41:1 
-0 -0 -0 0 0 8 0 10:1 15:1 41:1 
-0 -0 -0 0 0 8 0 10:1 15:1 41:1 
-0 -0 -0 0 0 8 0 10:1 15:1 41:1 
-0 -0 -0 0 0 8 0 10:1 15:1 41:1 
-0 -0 -8 0 0 8 0 10:1 15:1 41:1 
-0 -0 -1.346842954855538 6.186565783655978 8 8 0 10:1 15:1 19:1 41:1 
-0.4956717911288628 -0.4155761591045568 -0.5185057271101293 0.5862159723365661 0 0.4902443440282895 0.09046113771340707 10:1 15:1 21:1 41:1 
-1.697800147776174 -0.4306275689222617 -8 8 8 8 0.09012903647810008 10:1 15:1 19:1 41:1 
-0.494099734729901 -0.4758075350210574 -0.9171462893846781 0.5807582376358544 0 0.4752760333997265 0.08982766212203558 10:1 15:1 16:1 17:1 41:1 
-0 -0 -0 0.006704251233011993 0 0 0.04253824747886013 10:1 15:1 17:1 41:1 
-3.237219790638264 -1.628058462347826 -8 0 0 8 0 10:1 15:1 41:1 
-8 -8 -8 0 0 8 0 10:1 15:1 41:1 
-8 -8 -8 4.214542443950215 0 8 0 10:1 15:1 41:1 
-6.682035456123911 -7.631318903478669 -5.902187523866131 7.115148091752518 0 8 2.372844737421431 10:1 15:1 41:1 
-8 -8 -8 8 8 0.4601299489074811 5.314199178786167 10:1 15:1 29:1 38:1 
-8 -0 -0 -0 0 0 0 14:1 44:1 
-0 -0 -5.077306944085639 -0 0 0 0 14:1 29:1 
-0 -0 -8 -0 0 0 0 14:1 29:1 
-0 -0 -0.01820596074953499 -0 0 0 0 14:1 26:1 44:1 
-0 -0 -8 -0 0 0 0 14:1 29:1 
-0 -0 -8 -0 0 0 0 14:1 29:1 
-0 -0 -1.273375770610176 -0 0 0 0 14:1 19:1 22:1 
-8 -4.026603808416377 -0 -0 0 0 0 14:1 44:1 
-0 -0 -8 -0 0 0 0 14:1 29:1 
-0 -0 -8 -0 0 0 0 14:1 29:1 
-0 -0 -5.763916221749191 -0 0 0 0 14:1 29:1 
-8 -8 -0 -0 0 0 0 14:1 44:1 
-0 -0 -0 -0 3.500030033634299 0 0 14:1 19:1 44:1 
-0 -8 -0 -0 0 0 0 14:1 29:1 
-0 -0 -0 -0 8 0 0 14:1 19:1 44:1 
-0 -8 -0 -0 0 0 0 14:1 29:1 
-0 -0 -6.230075979400417 -0 0 0 0 14:1 19:1 22:1 
-0 -0 -8 -0 0 0 0 14:1 19:1 22:1 
-0 -0 -8 -0 0 0 0 14:1 19:1 22:1 
-0 -0 -8 -0 0 0 0 14:1 19:1 22:1 
-8 -8 -0 -0 0 0.5280548709149681 0 14:1 44:1 
-0.4858666601308969 -0.05621818423976514 -0 -0 0 0.1458148644318011 0.09944911209451712 14:1 29:1 32:1 
-0 -0 -0 -0 8 0 0 14:1 19:1 44:1 
-0.5106159521361897 -0.1624697276936229 -1.439672523397171 -0 0 0 0.1087247976547625 14:1 29:1 33:1 
-0.2469916461756705 -3.613011552170131 -0 -0 0 3.716286125695929 7.071708849840424 14:1 29:1 
-0 -0 -0 -0 8 0 0 14:1 19:1 44:1 
-0.4893520159202633 -0.3783466352831624 -0.4936963287649387 -0.1970521257119962 0.1292043581018577 0.4142991249129803 0.08254008902194436 14:1 29:1 36:1 
-1.280590563306544 -0.4158605318423149 -0.5224869423185245 -0.3915314593768406 8 0.4276519504822738 0 14:1 19:1 22:1 37:1 
-0 -0 -8 -0 0 0 0 14:1 19:1 22:1 
-1.274433893967735 -0.3946535263758892 -0.4993038593166464 -0.3995658879109532 8 0.4276519504822555 0.02836217074338711 14:1 19:1 22:1 34:1 
-0 -0.3396646721667392 -2.849953147091985 -0.410276589890596 0.4499248669542614 0.2748518603948444 0 14:1 19:1 22:1 32:1 
-0 -0.2708432612412306 -0.4732071489608612 -0.4019862909187824 0.4499248669542402 0.4127193042522505 0 14:1 19:1 22:1 33:1 
-0.3701475346015754 -0.4034761710414786 -2.867833247294706 -0.4026191375435381 0.4513426804911548 0.4233307162697188 0.0291447245889405 14:1 19:1 22:1 31:1 
-0.489890062594946 -0.3781483724411057 -0.9528128356640879 -8 0.1537769764434168 0.4242908814556292 0.1056790447187889 14:1 29:1 38:1 
-0.5104592788805742 -0.4009321978966122 -0.4810456444924653 -0.2064581200715109 0.1345411806629974 0.3966793884169117 0.1087247976547781 14:1 29:1 39:1 
-5.504754226937102 -0 -0 -5.343544162621769 5.966807148424198 4.985029297976988 0 14:1 19:1 44:1 
-4.464893758240033 -0.4077261780848151 -8 -0.3149329028767605 8 0.3952380208883687 0.07837840388485787 14:1 29:1 40:1 45:1 
-4.41728714517556 -0 -0 -0 0 0 0 14:1 26:1 44:1 
-0 -0 -1.647957799547238 -0 4.612322670945646 0 0 14:1 29:1 40:1 
-5.185052962335376 -0.4379152928436882 -1.437383434616719 -0.4039466039927255 0 0.3661963145562855 0.05738223700532591 14:1 26:1 44:1 
-0.477664851514637 -0.3783466352831644 -1.780102173395625 -8 0.1382953245353309 8 0.1149528863961319 14:1 29:1 41:1 
-0 -0 -8 -1.711421839481451 0.3074656970516643 3.857700550156509 0 14:1 19:1 22:1 
-0 -5.534640196686424 -8 -5.160737567911184 8 8 0 14:1 19:1 22:1 
-8 -8 -0 -3.130547886711463 0 8 0 14:1 44:1 
-0.4807018952851005 -0.3781483724411031 -0.4675316815140091 -0.2153142055445725 0.1239964578209845 0.4085114617953965 0.1149528863961402 14:1 29:1 42:1 
-0 -0 -8 -0 -0 0 0 19:1 40:1 45:1 
-0 -0 -8 -0 -0 0 0 19:1 40:1 45:1 
-0 -0 -8 -0 -0 0 0 19:1 40:1 45:1 
-0 -0 -8 -0 -0 0 0 19:1 40:1 45:1 
-8 -0 -8 -0 -8 2.067430382907935 0 19:1 45:1 
-0 -0 -8 -0 -0 0 0 19:1 40:1 45:1 
-0 -0 -8 -0 -0 0 0 19:1 40:1 45:1 
-0 -0 -8 -0 -0 0 0 19:1 40:1 45:1 
-0 -0 -8 -0 -0 0 0 19:1 40:1 45:1 
-8 -2.560651997328266 -8 -6.595670898386419 -8 8 0 19:1 45:1 
-0 -0 -8 -0 -0 0 0 19:1 40:1 45:1 
-0 -0 -8 -0 -0 0 0 19:1 40:1 45:1 
-0 -0 -8 -0 -0 0 0 19:1 40:1 45:1 
-0 -0 -8 -0 -0 0 0 19:1 40:1 45:1 
-4.750011096795613 -8 -8 -8 -8 8 0 19:1 45:1 
-1.056378188573036 -0 -0 -0 -0 0 0 19:1 34:1 37:1 
-8 -4.780695143757713 -1.902728286606153 -0 -0.3106910322185014 0 0 19:1 34:1 37:1 
-0 -0 -8 -0 -0 0 0 19:1 40:1 45:1 
-7.593638263427862 -0 -8 -0 -0 0 0 19:1 40:1 45:1 
-8 -8 -8 -0 -8 0 0 19:1 34:1 37:1 
-8 -8 -8 -2.572939319058019 -8 8 0 19:1 34:1 37:1 
-8 -0 -8 -0 -4.820538612307685 0 0 19:1 40:1 45:1 
-8 -0.4747160484597542 -8 -0.4754622129092489 -8 0.4267201043419124 0.1227487686980601 19:1 40:1 45:1 
-8 -7.891755211382187 -8 -8 -7.990368146785782 5.437599088804729 1.628775880522249 19:1 34:1 37:1 
-0 -8 -8 -5.595975853369333 -3.296034470708084 8 3.070742004760274 19:1 45:1 
-8 -8 -8 -8 -8 8 3.177733346019417 19:1 44:1 
-0 -0 -0 -8 -0 -8 0 15:1 19:1 41:1 
-0 -0 -0 -8 -0 -0 0 15:1 41:1 
-0 -0 -2.978379945386445 -8 -0 -0 0 15:1 41:1 
-0 -0 -8 -8 -0 -0 0 15:1 41:1 
-0 -0 -0 -8 -0 -8 0 15:1 19:1 41:1 
-0 -0 -8 -8 -0 -0 0 15:1 41:1 
-3.913322951843733 -2.672550300785528 -8 -8 -0 -0 0 15:1 41:1 
-8 -8 -8 -8 -0 -0 0 15:1 41:1 
-0 -0 -0 -8 -2.791511173030064 -8 0 15:1 19:1 41:1 
-8 -8 -8 -8 -0 -0 0 15:1 41:1 
-8 -8 -8 -8 -8 -0 0 15:1 41:1 
-8 -8 -8 -8 -8 -0 0 15:1 41:1 
-0 -0 -8 -8 -8 -8 0 15:1 19:1 41:1 
-1.955887316401172 -0.5102303638392633 -1.620420923619082 -8 -8 -8 0.1230689103177825 15:1 19:1 41:1 
-8 -7.998801996182748 -8 -8 -6.812795510053045 -7.931749576054576 7.876931089682217 15:1 41:1 
-8 -8 -8 -8 -8 -8 -8 12:1 29:1 
