svm_type c_svc
kernel_type rbf
gamma 0.0078125
nr_class 4
total_sv 16
rho 0.00769234 -0.503885 0 -0.507731 -0.00772095 0.750975
label 4 10 -2 0
probA -2.59656 2.19571e+06 -2.67355 1.17918e+06 -2.56591 -3.00918e+06
probB -0.111489 -2.19571e+06 -0.0344964 -1.17918e+06 0.0733067 -3.00918e+06
nr_sv 5 5 1 5
SV
0 0 0.5009765550202587 11:1 
0 0 32 11:1 
0.5025833961343017 0 32 11:1 
32 0 32 11:1 
32 32 32 11:1 
-0.5025833961343017 0.2480825198860469 0.4980104341674938 4:1 5:1 6:1 
-0 0 32 5:1 
-0 0 32 5:1 
-32 0 32 5:1 
-32 31.75191748011395 32 5:1 
-32 -32 32 14:1 
-0.5009765550202587 -0.4980104341674902 -0 
-32 -32 -0 
-32 -32 -0 
-32 -32 -0 
-32 -32 -32 
