svm_type c_svc
kernel_type rbf
gamma 0.000488281
nr_class 8
total_sv 105
rho -0.000939716 -0.0015452 0.19652 -0.000886278 0.724799 -0.00367905 -0.0036372 0.000243939 0.0862554 -0.124756 0.399234 -0.0031398 -0.00188383 -0.181789 -0.347997 -0.0511511 -0.00178279 -0.334185 -0.142775 1.05232 -0.272594 -0.143671 0.754165 -0.14265 -0.000914072 -0.762693 -1.14636 -0.000121727
label 10 1 0 3 -2 -1 -3 4
probA -4.867 -4.11362 -4.18752 -4.09553 -3.43055 -3.51928 -3.44543 -3.88415 -3.86621 -3.60428 -3.2527 -3.28996 -3.23315 -3.22939 -3.06716 -2.42052 -2.62681 -2.5132 -3.20045 -2.90944 -2.41729 -2.54902 -3.56024 -2.3622 -2.44171 -2.16637 -2.23625 -1.85396
probB -0.232921 -0.977801 -0.892667 -1.00371 -0.0921817 -1.50509 -1.65347 -0.748233 -0.585279 -0.783411 -0.57458 -1.29138 -1.33949 0.0388082 -0.188268 0.0755492 -0.37239 -0.707578 -0.110015 0.964938 -0.645388 -0.757774 0.514754 -0.604109 -0.649641 -0.7642 -1.89559 0.0904965
nr_sv 25 20 9 8 9 28 2 4
SV
0 0 404.7988560056144 217.1406836871133 2048 0 577.6899502313736 3:1 
0 7.203377016862848 0.9175444674099414 0 558.2758715638325 0 1.008202959798162 3:1 40:1 
0 482.8070898824802 0 0 0 0 0 3:1 17:1 18:1 38:1 
0 0 0 0 299.9427236035983 0 0 3:1 33:1 
0 0 0 0 184.0985769741345 0 0 2:1 3:1 
0 0 0 0 2048 0 0 2:1 3:1 
0 0 0 0 229.5178066071325 0 0 3:1 23:1 
0 0 0 0 0.2996012057545108 0 0 3:1 18:1 
0 2.616503391676544 31.09430547071632 0 316.2969864705611 0 0.7752114676772792 3:1 23:1 
251.4455615569217 923.907863112378 0.2817992567180813 0.4776000901167292 0 0 0 3:1 16:1 17:1 18:1 38:1 
0.6757756994417227 0 0 0 0 0.5577823465108139 0 1:1 2:1 3:1 33:1 
130.7760915288474 103.216033400124 0.198285552418753 0 0 0.9961149225905701 0.5279163733015575 3:1 16:1 17:1 18:1 33:1 
0 0 0 0 0 0.4464909387933397 0 3:1 18:1 38:1 
0 0 0.3410692263920559 0 0 0 0.5549672311894751 1:1 2:1 3:1 38:1 
145.8774351222393 4.276852847775034 0 0.1055284648876832 0 0 0 3:1 23:1 33:1 
13.36744020065783 0 0 0 0 0.6258935630155642 0 3:1 18:1 40:1 45:1 
0 0 0 225.5879746066992 186.9932414191481 0 0 3:1 38:1 
0 0 0.3604539082096927 0.8599245855786575 187.0662549657518 0 0 1:1 2:1 3:1 
78.91546665339577 4.820564352651392 0 0.5000599910790965 0 0 0 3:1 23:1 40:1 45:1 
0 0 0.5987808657156214 0 372.9947527364726 0 0.4984342026922782 3:1 45:1 
0 0 0 2.218098238569438 184.7434847706916 1.658563316795343 99.85267085100254 3:1 33:1 
0 520.8012979794156 0 0 0 1018.578539233524 0 3:1 17:1 18:1 33:1 
0 0 0.9487001186724602 235.3957061785443 1389.906386571664 0 0.9384956543535665 3:1 30:1 
0.6285422639360231 0 0.7584452375182598 0.4792160700578164 1.368052826237256 0.267763440191381 0.8962704416187705 3:1 26:1 33:1 
404.2677913206073 0 379.6320624899461 0.496763622938956 186.9797990048572 1.222915225436979 0.469543827637743 3:1 18:1 
-0 1.017012827576392 0 0 0 0 0 8:1 17:1 18:1 38:1 
-0 0 0 0 403.0279567185685 0 0 8:1 23:1 
-0 583.5409838680704 0.007376586580660316 0 0.05095732308486589 0 0 8:1 18:1 40:1 
-91.1481624971363 0 0 0 0 0 0 8:1 18:1 40:1 45:1 
-0 887.9105144228789 0 0 0 1017.144146581485 0 8:1 17:1 18:1 33:1 
-38.85720248024855 0 0 0 0 0 0 8:1 16:1 17:1 18:1 33:1 
-325.8469513684832 0 246.5878728309708 128.1385352233092 409.7316429948532 2.757118618258044 0 8:1 18:1 
-0.9271858051844029 0 0 0 17.27144166846186 0 0 8:1 33:1 
-78.06451243027122 0 0 0 0 0 0 8:1 23:1 
-184.8453596899799 0 0 0 0 0 0 8:1 16:1 17:1 18:1 38:1 
-136.9676223121734 0 0 0 0 0 0 8:1 23:1 33:1 
-0 0.4001414184719151 0 0 0 0 0 8:1 23:1 
-66.1755482951266 571.9064880320967 0 0 0 0 0.4296197672166469 8:1 16:1 17:1 18:1 38:1 
-0 1.953566562167113 375.7055750458861 128.0829313152685 543.8402650411969 0 0 8:1 23:1 
-0 0 89.55601636684715 253.8335629329003 410.0694098046459 0 0 8:1 38:1 
-0.6477260325069623 0 0 0 0 0 0.5235006931138783 8:1 23:1 38:1 
-9.088904182130827 2.891262049415645 0 0 0 0.3232703842614725 0 8:1 23:1 33:1 
-92.35779947029533 0 0 0 0 0.968694463924883 0 8:1 16:1 17:1 18:1 33:1 
-1.027129782511494 0.9476883952078394 0.7540511043470111 0.3818768490272145 0.7075154466505638 0.2452137653234772 0.3936081396030112 8:1 18:1 40:1 45:1 
-0 0 89.63496902324205 130.3518826458459 1903.255232959952 2.672137414845476 681.8219207568343 8:1 33:1 
-0 -0.8017193973603846 0 0 0 0 0 17:1 18:1 38:1 
-15.79645131314524 -5.973598035001777 229.4061700338802 333.4351290579438 2048 0.5142408085850347 341.3509942934256 23:1 40:1 
-524.6002640793771 -890.7907367063061 186.7167100590453 97.67187370218565 1862.961490701471 2045.568063214792 338.7538943767589 17:1 18:1 33:1 
-482.1289700783393 -0 185.5222373476566 187.7428859873495 856.5784290853219 0 1.731178934559322 17:1 18:1 38:1 
-0 -566.3296484621258 0 0 0 0 0 16:1 17:1 18:1 38:1 
-103.216033400124 -0 0 0 0 0.4988687528354823 0.3331969073222925 16:1 17:1 18:1 33:1 
-923.907863112378 -5.518365383696586 0.7580825365696955 0.651395940166632 0.5971181442582736 0 0 16:1 17:1 18:1 38:1 
-0 -445.098570267927 0 0 0 0 0 18:1 40:1 
-0 -136.0550193234671 329.6954839253078 48.10413675140146 704.4818744795559 0.9635070215046712 1.201118962449692 18:1 40:1 
-30.08945761437716 -286.8122431622598 -42.2572501418368 0.4203917157955068 0 0 0.4203917157955068 10:1 23:1 43:1 
-0 -0 -0 291.0479415391396 0 0 290.8309747744334 10:1 43:1 
-379.6561410401071 -158.0320644004989 -516.3625350494482 0.8289665064309562 0 0 0.828869712063635 10:1 18:1 43:1 
-0.4906877196486694 -0 -0.6724452736383613 0.419059093800294 744.3871663029362 0 0.4188653631040022 10:1 15:1 23:1 43:1 
-0 -0.6624484305355478 -0 0 75.79653469503079 558.680445747395 0 10:1 15:1 18:1 43:1 
-0 -0 -0 0 1451.653599690084 0 0 10:1 41:1 
-0 -0 -0 0 2048 0 0 10:1 41:1 
-409.6940162251988 -356.7391049645794 -372.8064534375363 293.1230736764775 2048 186.6012603205108 293.1439669747958 10:1 41:1 
-447.8343709555213 -512.946946550773 -572.0965497928682 -584.9959852266742 747.1468380039578 292.5720127087667 1022.751081896713 13:1 25:1 
-2.030437568368272 -1.845003002316434 -2.018147008625019 -0.6261900151999946 0.8796898288137958 146.8101573637511 1.374765327403085 13:1 25:1 30:1 32:1 33:1 
-0.5348511433627119 -0 -0 -0 0.8780871030854082 0 0 13:1 25:1 30:1 36:1 
-0.571070348174871 -0 -0 -0 0.8783015845468557 0 0 13:1 25:1 30:1 37:1 
-0.4685512708509091 -0 -0 -0 139.375046981689 0 0 13:1 25:1 30:1 42:1 
-0.3106821009525182 -0 -0 -0 0.8785161183975291 0 0 13:1 25:1 30:1 34:1 
-225.8851027742627 -125.9968394132617 -93.49072463755373 -0 0.8787307046501646 0 0 13:1 25:1 30:1 38:1 
-0.5554171932255697 -0 -0 -0.2172572897698486 0.8789453433176119 0 0 13:1 25:1 30:1 31:1 
-5.071072180866364 -0 -0 -0 576.3013651597454 0 0 13:1 25:1 30:1 
-229.3208405875669 -403.5577690537592 -0 -0 -0 0 0 23:1 
-2048 -0 -0 -0 -0 0 0 2:1 3:1 28:1 
-0.5601184835682741 -0.7672934383671191 -2048 -0 -0 550.3538475216745 0 17:1 18:1 
-300.0486326581383 -0 -0 -0 -0 0 0 33:1 
-2048 -0 -0 -0 -0 0 0 3:1 
-0 -0 -0 -0 -0 0 379.3602382071925 
-0 -0 -0 -0 -0 153.9568180232886 0 15:1 22:1 
-1017.949404444591 -0 -0 -0 -581.5224341841366 0 0 30:1 
-0.2996012057545108 -0 -0 -0 -0 0 0 1:1 2:1 30:1 39:1 40:1 42:1 
-0 -0 -0 -2048 -0 0 0 10:1 41:1 
-0 -0 -0 -0 -0 0 2048 11:1 25:1 
-186.3434742924142 -0 -337.5360867344413 -0 -0 0 0 27:1 40:1 45:1 
-0 -0 -126.8088726334369 -261.1808596318599 -0 38.67533938924502 0 10:1 15:1 39:1 40:1 42:1 
-0 -0 -0 -186.1994192869207 -138.767324226284 0 0 9:1 10:1 12:1 25:1 30:1 42:1 
-0 -0 -0 -0 -110.6071756056866 0 303.2220365563453 12:1 24:1 25:1 27:1 
-0 -1510.952211024226 -1007.030399713043 -0 -0.4243226983672143 550.6909727055564 1.000171680756877 33:1 
-2048 -0 -0 -0 -0 0 0 3:1 
-0 -1638.602420919215 -0 -0 -0 0 0 8:1 28:1 
-130.1248050089696 -134.0747275218467 -1193.620929181163 -670.3218918505693 -0 0 0 23:1 
-0 -0 -0 -0 -0.2433321136369015 51.27754589142538 0 15:1 16:1 31:1 32:1 
-185.8366620388336 -0 -84.71509017145027 -0 -0 0 0 1:1 2:1 30:1 39:1 40:1 42:1 
-0 -0 -0 -186.1719472630261 -0 0 0 9:1 10:1 12:1 16:1 17:1 39:1 
-0 -0 -0 -0 -55.46419287247566 0 151.6989910205677 9:1 24:1 25:1 27:1 39:1 
-0 -0 -674.9075339770727 -0 -0 0 0 28:1 40:1 
-0 -0 -0 -2048 -0 0 0 10:1 41:1 
-0 -0 -0 -0 -581.0667391276162 0 2048 11:1 25:1 
-0 -0 -0 -967.9631826556752 -0 153.5773077551181 0 15:1 41:1 
-0 -0 -0 -0 -0 0 834.0987467514502 11:1 30:1 
-5.770513288920887 -7.353826781385866 -1.976185943816297 -744.7082246704967 -438.3412373461686 -948.3645818084374 511.1839960946573 15:1 18:1 33:1 
-1018.583549697937 -1016.756754446713 -2045.5684938539 -0.5734813974091222 -1.040932726349259 -550.1672494778707 1.128038307359234 15:1 17:1 18:1 33:1 
-0 -0 -0 -0 -0 -1669.358754128354 -0 11:1 25:1 
-0 -0 -0 -0 -0 -2048 -0 11:1 25:1 
-581.8379867802547 -1.322117110228643 -344.8673737637321 -584.9959852266742 -1022.253280382774 -2046.208030637709 -0.6282250625452523 11:1 25:1 
-101.3736764603903 -681.8465322465391 -338.5030097107837 -0.6470833135183137 -1.872566841341596 -1.813399450249757 -511.6838093394713 11:1 25:1 33:1 
