svm_type c_svc
kernel_type rbf
gamma 2
nr_class 6
total_sv 71
rho 0.645148 0 0.683709 0 0 -0.735505 0.0400248 -0.64514 -0.64514 0.832007 0 0 -0.63368 -0.63368 0
label -2 10 0 -1 2 1
probA -3.40144 -3.08689 -3.18419 -2.04717 -2.55297 -3.78002 -2.58079 -2.74014 -3.24705 -2.20988 -2.42602 -2.93181 -2.00057 -2.61618 -1.89209
probB 0.693073 0.378843 0.518476 -0.660878 -0.155077 -0.314427 -0.182098 -1.35415 -0.847464 1.9729 -1.03972 -0.533918 -1.58002 -1.00183 0.5058
nr_sv 1 8 26 32 2 2
SV
1.66568342635345 1.156517640415225 1.759429402736278 1.018657360839131 1.018657360839131 13:1 
-0 0 2 0 0 1:1 
-0 0 2 0 0 1:1 
-0.3565158835554244 0.2964521261367967 1.05798399878937 0.3565229185395649 0.3565229185395649 3:1 10:1 
-0.2673146531979036 0.1675775637609628 1.049634659885545 0.267038000288889 0.267038000288889 1:1 15:1 
-0 0 1.056754244898844 0 0 15:1 
-0.3351629300514239 0.4861031975634203 2 0.3356806572974283 0.3356806572974283 1:1 
-0.3351629300514238 0.4858681362927477 1.992978666451374 0.3354538006300885 0.3354538006300885 15:1 
-0.3715270294972746 0.5085671663542776 1.19204934481708 0.3713096724611461 0.3713096724611461 2:1 
-0 -0 0.1196023894693734 0 0 
-0 -0 2 0 0 
-0 -0 2 0 0 
-0 -0 2 0 0 
-0 -0 2 0 0 
-0 -0 2 0 0 
-0 -0 2 0 0 
-0 -0 2 0 0 
-0 -0 2 0 0 
-0 -0 2 0 0 
-0 -0 2 0 0 
-0 -0 2 0 0 
-0 -0 2 0 0 
-0 -0 2 0 0 
-0 -0 2 0 0 
-0 -0 2 0 0 
-0 -0 2 0 0 
-0 -0 2 0 0 
-0 -0 2 0 0 
-0 -0 2 0 0 
-0 -0 2 0 0 
-0 -0 2 0 0 
-0 -0 2 0 0 
-0 -0 2 0 0 
-0 -0 2 0 0 
-1.156517640415225 -1.944568190108205 1.999373750290703 1.156517640415225 1.156517640415225 
-0 -1.003117518488886 -0 0 0 1:1 
-0 -2 -0 0 0 1:1 
-0 -0 -2 0 0 
-0 -0 -2 0 0 
-0 -0 -2 0 0 
-0.2786110214983799 -2 -0.4241411174600364 0.3232867894244221 0.3232867894244221 15:1 
-0 -0 -2 0 0 
-0 -2 -0 0 0 1:1 
-0.2788963392839867 -0.8453047645411448 -0.4235895185446322 2 0.3223626026958359 9:1 
-0 -0 -2 0 0 
-0 -0 -2 0 0 
-0.2786013197957857 -0.8456693881135832 -0.4241411174600364 0.3223626026958359 2 8:1 
-0 -0 -2 0 0 
-0 -0 -2 0 0 
-0.2788963392839867 -1.984604471699329 -0.423589518544632 0.3225268306752291 0.3225268306752291 1:1 
-0 -0 -2 0 0 
-0 -0 -2 0 0 
-0 -0 -2 0 0 
-0 -0 -2 0 0 
-0 -0 -2 0 0 
-0.2786110214983799 -0.8457891662988597 -0.4235148677507393 0.3232867894244221 0.3232867894244221 4:1 
-0 -0 -2 0 0 
-0 -0 -2 0 0 
-0 -0 -2 0 0 
-0 -0 -2 0 0 
-0 -0 -2 0 0 
-0 -0 -2 0 0 
-0 -0 -2 0 0 
-0 -0 -2 0 0 
-0 -0 -2 0 0 
-0 -0 -2 0 0 
-0.3658133613757589 -0.8249156057004097 -2 0.4234891067625177 0.4234891067625177 
-0 -0 -0 -1.726950631406819 0 9:1 
-1.018657360839131 -1.666005049217117 -1.156517640415225 -1.988001487575608 1.018657360839131 9:1 
-0 -0 -0 -1.726950631406819 -0 8:1 
-1.018657360839131 -1.666005049217117 -1.156517640415225 -1.988001487575608 -1.018657360839131 8:1 
