
# пожалуйста позвони леше
[ 0 0 0 0 0 0 ] ; [ 1 0 0 0 0 0 ] ; [ 0 1 0 0 0 0 ] ;

# позвони леше
[ 1 0 0 0 0 0 ] ; [ 0 1 0 0 0 0 ] ;

# позвони на номер 89171234567
[ 1 0 0 0 0 0 ] ; [ 0 0 0 0 0 0 ] ; [ 1 0 0 0 0 0 ] ; [ 0 0 1 0 0 1 ] ;

# набери +79171234567
[ 1 0 0 0 0 0 ] ; [ 0 0 1 0 0 0 ] ;

# набери номер +79171234567
[ 1 0 0 0 0 0 ] ; [ 1 0 0 0 0 0 ] ; [ 0 0 1 0 0 0 ] ;

# набери мне номер 89171234567
[ 1 0 0 0 0 0 ] ; [ 0 0 0 0 0 0 ] ; [ 1 0 0 0 0 0 ] ; [ 0 0 1 0 0 0 ] ;

# открой yandex.ru
[ 1 0 0 0 0 0 ] ; [ 0 0 0 0 1 0 ] ;

# открой в браузере yandex.ru
[ 1 0 0 0 0 0 ] ; [ 0 0 0 0 0 0 ] ; [ 0 0 0 0 0 0 ] ; [ 0 0 0 0 1 0 ] ;

# отправь васе сообщение
[ 1 0 0 0 0 0 ] ; [ 0 1 0 0 0 0 ] ; [ 1 0 0 0 0 0 ] ;

# отправь ане смс с текстом привет
[ 1 0 0 0 0 0 ] ; [ 0 1 0 0 0 0 ] ; [ 1 0 0 0 0 0 ] ; [ 0 0 0 0 0 0 ] ; [ 0 0 0 0 0 0 ] ; [ 0 0 0 0 0 0 ] ;

# перешли письмо по адресу example@gmail.com
[ 1 0 0 0 0 0 ] ; [ 1 0 0 0 0 0 ] ; [ 0 0 0 0 0 0 ] ; [ 0 0 0 0 0 0 ] ; [ 0 0 0 4 0 0 ] ;

# покажи баланс
[ 1 0 0 0 0 0 ] ; [ 1 0 0 0 0 0 ] ;

# проверь баланс телефона
[ 1 0 0 0 0 0 ] ; [ 1 0 0 0 0 0 ] ; [ 0 0 0 0 0 0 ] ;

# проверь баланс средств
[ 1 0 0 0 0 0 ] ; [ 1 0 0 0 0 0 ] ; [ 0 0 0 0 0 0 ] ;

# поставь будильник на 7 30
[ 1 0 0 0 0 0 ] ; [ 1 0 0 0 0 0 ] ; [ 0 0 0 0 0 0 ] ; [ 0 0 0 0 0 1 ] ; [ 0 0 0 0 0 1 ] ;

# заведи будильник на 8 утра
[ 1 0 0 0 0 0 ] ; [ 1 0 0 0 0 0 ] ; [ 0 0 0 0 0 0 ] ; [ 0 0 0 0 0 1 ] ; [ 0 0 0 0 0 0 ] ;
