svm_type c_svc
kernel_type rbf
gamma 0.03125
nr_class 7
total_sv 85
rho -0.0638331 1.36073 0.0765881 0.0295886 -0.266863 -0.137221 0.893443 0.302232 0.264298 -0.00102098 0.000256649 -0.129076 -0.0495323 -0.919794 0.0388134 0.0908871 0.236649 -0.131961 -0.493405 -0.315894 0.000386677
label 10 4 -1 -3 -2 0 -4
probA -4.6563 -4.21108 -4.60451 -4.80332 -4.01819 -3.50841 -4.18164 -4.27484 -4.15615 -3.84712 -3.02813 -4.77076 -4.93807 -3.19093 -3.69099 -4.44733 -4.05578 -3.16215 -3.99848 -3.208 -3.05713
probB -0.521917 0.39011 -0.338054 -0.309556 -0.182659 -1.51575 0.663167 0.0230925 0.400944 0.053822 -0.926472 -0.495868 -0.322421 -0.38301 -1.5835 0.147146 -0.187154 -1.11897 -0.117919 -1.11573 -0.832733
nr_sv 12 6 30 7 19 7 4
SV
0.007701944411617369 10.81868520013586 4.300307519698542 0 7.988626355122137 0 4:1 7:1 20:1 
0.2485861137117022 0 0 0 0 0 4:1 7:1 33:1 
0.2567015203583453 0 0 0.1171286177847284 0 0 4:1 7:1 27:1 35:1 
0 0 0 0 0 3.777783438200569 4:1 7:1 36:1 
2.319157519802283 1.216511784858711 0.560429418748904 1.237523145826361 7.180166440043152 3.7856863056625 4:1 36:1 39:1 
0.2452626880316634 0.7950518570802888 0.1828855277921138 1.254857538880696 0.378447863416739 0 4:1 7:1 20:1 46:1 
0.4904862789829449 1.191241560506998 0.5561639142652987 0.3309607806248804 0 6.715684941170129 4:1 32:1 
0.2450655889692389 0.4431252521260887 0.3792417609604126 11.34196069747002 0 0.4381635777836882 4:1 46:1 
0 6.952697925356306 0 0 0 0 4:1 47:1 
12.41005218161803 23.57003053139859 8.467536214991393 0 0 0.198044459810465 4:1 
0.2534655767990221 32 0.02472144163100273 0 5.556252056545004 0.01060063593892839 4:1 47:1 
0.2354226546404872 8.794468010960779 0.5495773045375926 2.693545138940798 0.3660020258751829 0.4385865485913767 4:1 27:1 47:1 
-0 15.50658610341763 0 0 0 0 11:1 
-2.008139408872835 0.956451021822078 0.5500328759548415 0 5.214618319839695 0.5066386777629315 11:1 31:1 36:1 39:1 
-0 0.959779565838017 0.4210242813390057 4.577769008996563 0 0 11:1 31:1 46:1 
-14.7037626584525 32 13.157956766205 10.43092868436569 9.521439905175942 9.548320732546973 11:1 
-0 15.10804539130621 0 0 0 0 11:1 31:1 
-0 0.03776118462361585 0 0 0 4.520916751669461 11:1 31:1 36:1 
-0 -0 0 0 0.03470138526925685 0 20:1 23:1 47:1 
-0 -0 0 0.426149625355343 32 0 20:1 23:1 47:1 
-0 -0.0607540341478384 14.93298271336526 0.9193118696407592 0 0.5342387676492522 43:1 
-0 -0 0 12.77619265422192 0 0 20:1 23:1 
-0 -0 0.04832407419490341 0 0 0 2:1 30:1 
-0 -0 0.2490071652054526 0.4892947587806823 0.03058081316068276 0.1426935647741803 6:1 30:1 47:1 
-0 -0 0.3120519745008989 0.464686236101816 0 0.1370012911063157 7:1 30:1 
-31.80494053776232 -0 0 0.2480524118958944 0.02702693648037936 0 4:1 30:1 47:1 
-0 -0.03568484329701116 0.3045637817725974 2.054702129602824 0 0.3513811932217084 1:1 20:1 23:1 33:1 34:1 
-0 -0.04347328804747369 0.3131958355801832 0 0.04232358898466224 0.4432287774397955 1:1 2:1 17:1 47:1 
-0 -0 0 0.4892751519999438 0 0 2:1 30:1 47:1 
-0 -0 0 0 0 0.1656771325917722 19:1 
-0 -0 0.3908915558291309 1.228824284622809 0 0.1655638541410208 3:1 30:1 35:1 
-0 -0.05519256454658155 0 0 0 0.3764791696054456 3:1 19:1 
-21.41982943773822 -0.03519214654319698 0.3088160909680335 0.2704608951749011 0 0.3329692624342798 4:1 20:1 23:1 
-0 -0 0 0 31.97431539123936 0 20:1 
-0 -0 0.06400275186686934 0 0 0 1:1 17:1 
-0 -0 0.3197651134544894 0.4623646039067992 0 0.1345546043898898 9:1 30:1 
-0 -0.02938481270000409 0.9940233363667752 0.5185739550953282 0 0.3649964439229149 8:1 31:1 40:1 
-0 -0.04063349834326524 0 0 0 0.3673130655382402 8:1 24:1 
-0 -0 0.319765113454488 0.4637409033176376 0 0.1302214637891493 10:1 30:1 
-0 -32 0.3145358405676931 0.4581295781495344 0 0.1349273176238037 11:1 30:1 
-0 -0 0.318234900242538 0.4656887871799514 0 0.1351068704967566 12:1 30:1 
-8.536543451680627 -15.69148743356019 0 0 0 17.58699171621786 
-0 -0 14.60359343808801 0 32 0 20:1 
-15.94183694689645 -0.02427438028249392 0 0 31.94379496815424 0 47:1 
-0 -0 0 0 32 0 20:1 47:1 
-0 -0 0 12.27787242810875 0 0 30:1 47:1 
-8.078661748346009 -0.05980328063810163 0 0.9796726594500338 0 0.5338031443945921 27:1 
-0 -16.49274298490138 0 0 0 0.1878933665908107 31:1 
-0.464296144324706 -0.3420974491549262 -0.5708423548336846 0.5598660462991738 0.2284935047059226 0.4403865402411459 15:1 22:1 43:1 
-0.4725020382775441 -0.3537474657908828 -0.7474028392643774 0.5571320489743744 0.4400149257662831 0.4419440427581772 15:1 17:1 18:1 43:1 
-0.0049062538348495 -0 -0 0.01416044458658395 0 0.02379157282061455 15:1 18:1 43:1 
-2.373077599467324 -2.959924695874577 -2.357074577379261 11.91599229185516 0.4458547881896097 2.566796070740467 15:1 30:1 40:1 
-3.366584702130327 -4.904678514635257 -14.3173665440972 0.09971925190833472 0 3.810685715988383 15:1 43:1 
-0 -0 -0 1.254248688758783 0.02207091175413409 0 15:1 20:1 43:1 
-8.339496364590511 -5.568565798043201 -15.80106736988279 2.69030521243949 20.94385603183118 4.686240789040495 15:1 20:1 
-0 -0.1667020509681985 -0 -0 0 0.3527784560400437 14:1 30:1 34:1 
-0 -0.1689502410136986 -0.6450003344352636 -0 0 0.3541493963327108 14:1 30:1 35:1 
-0 -0.3621243365807676 -0.3952201939632228 -0 0 0.3497915667675752 14:1 30:1 38:1 
-0.9093225793077369 -0.3667580018523796 -0.5351508406464673 -0.3381239247018771 0 0 14:1 20:1 23:1 39:1 
-0 -0.449850016573991 -8.502813980432151 -0 0 0 14:1 20:1 23:1 
-0.9093225793077392 -0.3648000213152664 -0.537130115518813 -0.3356737922994187 10.46521392496393 4.301150491690273 14:1 20:1 23:1 36:1 
-0 -0.2181861975041545 -2.408557095281789 -0.3416971775289132 0 0 14:1 20:1 23:1 34:1 
-0 -0.219041649488207 -0.9950713163306091 -0.3392690409176046 0 0 14:1 20:1 23:1 35:1 
-0 -0.3664459367485433 -2.403854897165373 -0.3389930565936753 0 0 14:1 20:1 23:1 33:1 
-0 -0.3742593704097487 -0.85639681473219 -11.10698996533526 0 0.355256887938088 14:1 30:1 40:1 
-0 -0.3628595620408233 -0.3941139504485731 -0 0 0.360807602063533 14:1 30:1 41:1 
-2.087619859454618 -0.3632939795180343 -13.81972389839534 -0 5.506508732315831 0.3527784560400443 14:1 30:1 47:1 
-0 -0.3632939795180357 -0.3958247111659605 -0 0 0.3541493963327124 14:1 30:1 42:1 
-2.98260259263475 -0.3649082915259728 -1.313137034692564 -0.07407454932334617 0 0.3490091478144746 14:1 27:1 46:1 
-0 -0.36750199996153 -1.256365051975693 -2.098068294235541 0 0.3500755188683299 14:1 30:1 43:1 
-0 -0.3648000213152581 -0.5346326974209251 -0.3377134121902212 0 0 14:1 20:1 23:1 44:1 
-10.08710830882264 -8.014238743242895 -0 -0 0 3.96980279574818 14:1 46:1 
-0 -0 -0 -1.78082077169605 7.150268916937276 0 14:1 20:1 46:1 
-0 -1.750683293784752 -0 -0 0 1.566341021202296 14:1 30:1 
-0 -0 -31.06224556078401 -0 -0 0 20:1 47:1 
-0 -0 -32 -0 -0 0 20:1 47:1 
-7.386360224989527 -5.250645112659206 -0.9758851117739188 -0.3825809558532913 -0.7587532832554469 0.5072725502832264 20:1 36:1 39:1 
-0 -0 -32 -0 -0 0 20:1 47:1 
-10.13123274563933 -4.985142061840708 -32 -11.03069442596771 -9.134714551058522 0.94142066591739 20:1 47:1 
-0 -0 -0.01461241073066011 -0 -0 0 20:1 36:1 
-3.951901770373359 -4.500271050515723 -32 -10.66701478042613 -13.22852373990307 15.13457962046819 20:1 36:1 
-7.544916882924602 -9.424092757944498 -10.74837929060109 -5.596413655936498 -7.996357678310599 -15.47748645124514 16:1 36:1 
-0.9251305421404126 -4.626826932416297 -10.98038757422835 -5.786487777163347 -4.333807619385314 -0.588893286367176 16:1 48:1 
-3.31442138274753 -0.375499824220622 -0.1315381198089831 -0.1988308485266508 -0.2769074842123589 -0.363800875808741 16:1 32:1 48:1 
-3.580081099345112 -0.1494566473979451 -0.3647360212893628 -0.3881124499627893 -0.4090179549299885 -0.1530922232477511 16:1 32:1 36:1 
