svm_type c_svc
kernel_type rbf
gamma 0.03125
nr_class 9
total_sv 92
rho -0.0486175 -0.0410335 -0.137139 -0.0716191 -0.0412875 -0.148945 -0.138425 0.0499 0.000114092 -0.0828427 -0.0347952 -0.00596681 -0.0965809 -0.0827586 0.114137 -0.671649 -2.27695 -0.0292806 -0.426422 -0.381559 -0.183956 0.0809993 0.258658 -0.0147018 -2.03517e-05 0.249008 0.244471 -0.0717933 -0.0568942 0.276399 -0.213268 -0.169223 -0.0130697 0.0144889 0.202351 0.157894
label 10 1 0 -2 -1 -3 3 4 -4
probA -5.12471 -4.37658 -4.38536 -5.0087 -4.31473 -3.59768 -3.62246 -3.71496 -4.12413 -4.10632 -4.72956 -4.08689 -3.32208 -3.39451 -3.48784 -3.37716 -3.23094 -3.34154 -2.56285 -2.58172 -2.64139 -4.03815 -3.2734 -2.57955 -2.58801 -2.69805 -4.05414 -3.23207 -3.24268 -3.77921 -2.5231 -2.54662 -2.5605 -1.79724 -1.889 -1.92035
probB -0.247271 -1.00865 -1.01653 -0.300208 -1.0147 -1.80578 -1.78239 -1.65271 -0.764212 -0.744356 -0.0325559 -0.775674 -1.53481 -1.46664 -1.36856 -0.148813 0.679037 0.0451876 -0.811825 -0.754546 -0.631306 0.671481 -0.0803691 -0.787773 -0.77972 -0.663684 -0.646436 -1.44057 -1.42949 -0.86077 -0.739313 -0.66001 -0.610602 0.00560394 0.100225 0.0660479
nr_sv 28 22 12 3 12 6 2 3 4
SV
0 0.1949655730169451 0 0 0 0 0 0 3:1 17:1 18:1 19:1 40:1 
0 0.01955841341855395 0 0 0 0 0 0 1:1 2:1 3:1 40:1 
0 13.811983440456 0.07420874850653965 15.70297670596164 0.02497420286755418 0.4418861441749216 0 0.04863688877972207 3:1 24:1 
0 0.007379483023920826 0 0 0 0 0 0 3:1 19:1 
5.123395810040523 6.821289093913964 0.399086515535332 1.303606611174615 0 0.3975078365968046 0.1780368677966509 0.2249219697426142 3:1 17:1 18:1 19:1 40:1 
0 0 0 0 0.24984612188282 0 0.1399328432653998 0 1:1 2:1 3:1 35:1 
3.426430846896884 9.930232901298572 0 1.30418874146838 0.4868740942962947 0 0.2618482492512879 0.3086626966150476 3:1 17:1 18:1 19:1 35:1 
0.1661727363482567 0.04623474302559546 0 0 0.4845277635324354 0 0 0 3:1 19:1 40:1 
0.3533840387099956 0.1900749424430696 0.09522352269756057 0 0 0.08766276629950409 0.1760623970951016 0 1:1 2:1 3:1 40:1 
2.156632770034098 0 0 0 2.239120143261302 0 0.3027932488072285 0.3631344131349666 3:1 24:1 35:1 
5.891542422689078 0.3235847041043544 0.3706282285617207 0.2989690449561532 0.3814041511757389 0 0.1530217093460987 0.1396630938677657 3:1 24:1 47:1 
0 0 0 0 0 0.3631984809128761 0.2408043444499325 0.3571061757023127 3:1 47:1 
0.03447195797088607 0.1921476500925689 0.07414635042028678 0.1851112645212135 0 0.06972751941847455 0.03642970005981869 0.04629759487270688 3:1 18:1 19:1 47:1 
0 0 0 0 0 0 4.167702901826818 4.380264793487694 3:1 35:1 
0 0 0 0 10.41013351375405 0 0 0 3:1 18:1 19:1 35:1 
0 0 0.0116994577914316 0 0.1246101080749799 0.01561844828343227 0.0133366668425492 0 3:1 19:1 47:1 
0 0 0 0.01507256418712024 0 0 0 0 2:1 3:1 47:1 
0.2097710620196001 0.2824808387747299 8.229810067810551 0.4653838077976393 0.1052461052220586 0.4423190659088686 0.4359542525208285 0.5345101850039558 3:1 31:1 
0.4039836771983518 0.2528657773942504 0.335649388307724 0 0.2413676069882482 0.333182809847515 0.4458970376456308 0.5370091069171741 3:1 27:1 35:1 
0 0 0 0.008685941893682681 2.027839099323165 0 0 0.01063822651839314 3:1 19:1 
0 0.003856568175107168 0 0 0 0 0 0 2:1 3:1 32:1 35:1 
0.2898392338054845 0.2420582967186229 0.2363110826762784 0 0.2516571718272572 0.2320552839023687 0.3004927521767748 1.312512272334049 2:1 3:1 32:1 35:1 
0 0 0 13.84741388946179 0 0 0 0 3:1 18:1 19:1 
0 0.07216573936629868 0.2445836688677429 0.4731562260456834 0 0.2488258333455169 0 0 1:1 2:1 3:1 
0.02942123829670767 0 0 0 0 0 0 0 3:1 18:1 19:1 40:1 
0.2030851149262171 3.030286627196362 0 0 0 0 0 0 3:1 18:1 19:1 40:1 
0 0 6.764680249137391 0.5942755747500262 0 8.616862627205055 4.459967609443929 5.168733862877402 3:1 
0 0 0 0 0 0 0.1102871189485367 0.3321730976643488 3:1 40:1 
-0.07114486179139944 0 0 0 0 0 0 0 8:1 35:1 
-0.009286774996517408 0 0 0 0 0 0 0 8:1 19:1 40:1 
-0.06250547752642686 0 0 0 0 0 0 0 8:1 18:1 19:1 40:1 
-0.2092837016901709 0 0 0 0 0 0 0 8:1 24:1 35:1 
-0.05932080703499722 0 0 0 0 0 0 0 8:1 24:1 40:1 
-0.07063032988006987 0 0 0 0 0 0 0 8:1 19:1 47:1 
-0 0 0 0 10.53813209406922 0 0 0 8:1 18:1 19:1 35:1 
-0.1971366669815933 0 0 0 0 0 0 0 8:1 17:1 18:1 19:1 40:1 
-4.848263594727876 6.752352355182344 0.2874766919915419 1.319610474497785 0 0.202667186678252 0.1808794017866193 0.2466088464810882 8:1 17:1 18:1 19:1 40:1 
-1.999288621769759 0.2828077038078851 0 0 2.4744304150801 0.07223845985166769 0.07920986562255344 0.03792174796575095 8:1 24:1 35:1 
-3.535088254670261 10.24859138477476 0.1889223093630658 1.320446301839566 0.5043582451833987 0.265671932439368 0.2934414448205643 0.3271543570808008 8:1 17:1 18:1 19:1 35:1 
-0.5133342714728205 0 0.3036018177460739 0 0.3151537907273955 0.1465180032047748 5.272612097179116 6.452674932439684 8:1 35:1 
-0 0.007332731211942277 15.10423030195603 1.358919092483746 0 9.78236592621419 4.791615438833348 5.625297784931892 8:1 
-0.5566074271975339 0.01063539622576463 0.1292945567167605 0 0 0.2810853723543398 0.2893247707249665 0.3504829822166859 8:1 40:1 
-0 0.1712610650149466 0.004526114735791667 13.92328195926408 0 0 0 0 8:1 18:1 19:1 
-0.1988333605400973 3.136181670015853 0 0 0 0 0 0 8:1 18:1 19:1 40:1 
-0 0 0 0 2.069980880905196 0 0 0 8:1 19:1 
-0 13.82941674279678 0 15.77259855679046 0.06609256442542069 0 0 0.08846403107632672 8:1 24:1 
-0.1084708240449982 0.1558897206184509 0.05499596416677494 0.08373370926904361 0.2583814707207698 0.05766667294079143 0.0707060379468652 0.08998178744770234 8:1 19:1 47:1 
-0 0.1224478597207567 0 0 0.4031326241475853 0 0 0 8:1 19:1 40:1 
-0.02485939637631699 0.3072819260829771 0.07603442407348331 0 0.1156414235940262 0.004793095927465346 0.01840954429574709 0 8:1 24:1 40:1 
-5.824076538235242 0.3722449685845475 0.4163877268282267 0.4040198784348129 0.261162520474625 0.4068271323314078 0.3957917692161649 0.4672423251152993 8:1 24:1 47:1 
-0.1046239271598834 -0 0 0 0 0 0 0 18:1 19:1 35:1 
-0 -0.50720065896591 0 0 16.59200803563414 0 0 0 24:1 45:1 
-14.28821479093899 -14.21963011907092 9.037172858063341 32 0 5.289421728464339 5.195069473062948 6.09622588136069 24:1 
-0.5936913234581735 -0 9.050463903627616 31.35768484807752 0.3259104310922616 5.28942172846434 5.196126469928534 6.09261064195483 45:1 
-0 -0 0 0 0.7795893323177817 0 0 0 19:1 45:1 
-0.1143271692830964 -0 1.214181973335013 16.18344369561456 16.58228383208374 0.7788759526420912 1.915394552929193 3.806822107490546 18:1 19:1 35:1 
-3.092838057758037 -3.403489992196355 1.060340134526572 16.18408102382143 0 0.5091329197175927 0 0 18:1 19:1 40:1 
-0.2789022102895932 -0 0 0 0 0 0 0 17:1 18:1 19:1 40:1 
-9.96867616507914 -10.30457499041989 0.007649379005495662 15.65563345772753 0.2496794878206936 0.02104841853393113 0.323124884232705 0.4141463025406256 17:1 18:1 19:1 35:1 
-6.717686017188667 -6.695774435990065 0.1663747139222608 15.65919124772097 0.261226099772791 0.2824922782216888 0 0 17:1 18:1 19:1 40:1 
-0.006378290068073696 -0 0 0 0 0 0.003502301473339938 0 19:1 42:1 
-0.2558268411952614 -0.265773327393864 3.457029951797559 21.10426191798046 0.2651503017071408 2.053729389886311 1.711417168693019 1.285200740149917 19:1 42:1 
-0 -0 -0 0.009951809582180079 0 0 0 0 13:1 
-8.541817888702221 -16.01479801655183 -23.14498080765415 32 12.05069668637242 10.68221264352062 10.6835031252527 12.05149511706134 13:1 
-8.29420939161033 -0.5506718910259176 -0.8482321066237006 0.5552893243900404 0.6422783585943482 0.499956406256085 0.507263195898363 0.6327463988807032 13:1 31:1 
-16.02041432117073 -16.1573624827096 -32 -0.4576107720310674 8.330545175769064 0.1602196595618741 0.1567926068193753 0.6531693690232314 24:1 
-0.5215738061850617 -0.4889290004530358 -1.653815505509496 -0.4584987099233713 0.6282232019116964 31.68876777166097 0.1567926068193755 0.6554482405613066 43:1 
-0.5240342703949709 -0.4956342038176408 -1.657546847014944 -0.4578219413492128 0.6255324212420026 0.1602196595618743 31.68489158900597 0.6558119413283086 11:1 
-0 -0 -10.15864227020974 -0 0 0 0 0 18:1 19:1 
-0 -0 -31.52177883722833 -0 0 0 0 0 18:1 19:1 
-13.60927180579484 -13.53881786274966 -0 -0.02054175766412171 10.51558560163886 0 0 0.02665314623955095 18:1 19:1 
-0 -0 -0.006951482381912366 -0 0 0 0 0 17:1 18:1 19:1 
-2.996012606884905 -3.006418591176065 -32 -0.4636619907646077 0.6392371146090039 0.3787327939030812 0.3904346243961703 0.6519034057086602 17:1 18:1 19:1 
-0 -0 -0.04988163051529795 -0 0 0 0 0 29:1 
-0 -0 -9.471433866858897 -0 0 0 0 0 
-0 -0 -28.02393481787115 -30.25292988413175 1.409362626997705 0 0 16.67135603675208 
-0.5275335617874376 -0.4954478316734743 -1.600310933352735 -0.4541760781080894 0.6283900215225759 0.1511818183604621 0.1567926068193967 0.6554482405613218 29:1 
-0 -0 -1.023800264847005 -0 -0.2485814414108341 0 0 0 15:1 19:1 45:1 
-3.560908004006158 -3.424963262016499 -0.0333425373881774 -3.991376143624004 -0.4250340709819199 2.866088384220251 4.521144327389623 5.30266290390416 15:1 19:1 35:1 
-10.76030807261701 -10.87417973508154 -17.06732940123652 -0.3713571303765186 -10.83745444723941 0.3992924591655252 0.4265397050490071 0.5010487330868397 15:1 18:1 19:1 35:1 
-0 -0 -0.3259104310922616 -7.959390138556692 -3.064308959793622 5.714964142875177 4.542989085709859 5.305390343091013 15:1 45:1 
-0 -0 -0.004477968543978778 -0 -0 0 0 0 15:1 24:1 45:1 
-2.706384005582737 -2.707323032229694 -16.6009869173206 -0.3708516324095511 -8.201497244265118 0.4032762986410351 0.4215860232152743 0.4984707290079595 15:1 24:1 45:1 
-0 -0 -0 -0 -0.5413990169314262 -0 0 0 10:1 43:1 
-11.24884681589534 -11.21983378194225 -14.2241224159303 -11.1821690497767 -31.99772268611684 -9.383621284901986 8.51810501920429 9.384366516316048 10:1 43:1 
-0 -0 -0 -0 -0.008972757577355986 -0 -0 0 11:1 26:1 
-5.804006460747087 -5.732906748703624 -11.68113412807128 -10.68497882015917 -32 -4.976175596622069 -8.018103956310199 4.946530633638958 11:1 26:1 
-5.6185612387295 -5.659083621722319 -2.663500722248462 -0.505787500991892 -0.5367312762829298 -4.936083544741694 -0.500001062894091 4.960852404679531 11:1 26:1 35:1 
-5.772441336174054 -6.539972030113679 -7.01457595916316 -4.266681498400456 -6.676575024671513 -5.450816249333969 -3.142155100581434 -4.795048118715941 16:1 34:1 35:1 
-6.290538237393836 -6.67331954314817 -10.05288230821596 -8.017213344342228 -12.9163013451423 -5.626598363811099 -5.825761829848692 -4.670360623802473 16:1 48:1 
-0.5890731456276136 -0.1719025927846839 -0.2598949994685234 -0.3057678725885218 -0.2723709089404397 -0.1799257584236406 -0.2891074424569018 -0.2832637772910457 16:1 32:1 48:1 
-1.112211658322654 -0.3006346287086973 -0.3676524066489693 -0.09457880061083454 -0.1045431014202 -0.3502323375212627 -0.1273421434290183 -0.1587105185090309 16:1 32:1 34:1 35:1 
