svm_type c_svc
kernel_type rbf
gamma 0.0078125
nr_class 7
total_sv 102
rho -0.0211639 -0.0141096 -0.0522803 -0.0620259 0.153682 -0.0338628 0.00288878 -0.173489 -0.0890456 0.183652 0.257325 -0.564818 -1.85281 0.0105957 0.116716 0.0213953 0.275758 0.398798 0.373095 0.355832 0.184009
label 10 1 0 -2 -1 -3 2
probA -5.13134 -4.25627 -4.37405 -5.00061 -4.37662 -4.12342 -4.01332 -4.0054 -4.71151 -4.12974 -3.92819 -3.31134 -3.98781 -3.38568 -3.06207 -4.12717 -3.29725 -3.22331 -4.05249 -3.84046 -3.21264
probB -0.242956 -1.11927 -1.00749 -0.291795 -1.00591 -1.04291 -0.876767 -0.64989 0.000498711 -0.759061 -0.873359 -0.0214543 0.451053 -0.0782587 -0.035321 0.561098 -0.0601049 -0.125613 -0.65467 -0.820009 -0.109406
nr_sv 27 22 16 6 16 10 5
SV
0 0.4614492121993945 0 0.2296435799602593 0 0 2:1 23:1 
0 32 0.5176728058593301 32 17.58956948690797 0.4833595321298902 2:1 23:1 
0 17.92263328474106 0 0 0 0 2:1 16:1 17:1 18:1 32:1 
14.26231748951302 12.36511222213218 0.3413339900260077 3.072867583922156 0 0.4254579039948428 2:1 16:1 17:1 18:1 38:1 
0 0.2061192698421926 0 0 0 0 2:1 23:1 45:1 
17.48762507683056 31.37384664599721 0.08151544084710802 3.086954935840537 0.6049514239601435 0 2:1 16:1 17:1 18:1 32:1 
0.2127944698825334 0 0 0 0.5047327594741722 0 2:1 17:1 38:1 
0.1516905000123227 0.1048284917815692 0 0 0.0306257526043684 0 1:1 2:1 3:1 38:1 
4.801115022475406 0.3565595426066731 0 0 2.241236084449127 0 2:1 23:1 32:1 
22.64977809063655 0.2723347073326263 0 0 0.1393758407569586 0.037614593582054 2:1 23:1 45:1 
0 0 0.4596711262001284 0 0 0.3525454748378704 2:1 45:1 
0 0.02877654633120083 0.04936155276248823 2.18572543128707 0 0.08512917793834948 2:1 17:1 18:1 45:1 
0 0 0 0 1.147691348175645 0 2:1 32:1 
0 0 0 0 21.56735843183109 0 2:1 17:1 18:1 32:1 
0 0 0 0 0.4476802909822035 0 2:1 17:1 45:1 
0 0 0 0 0 0.008030021879691443 2:1 3:1 45:1 
0.3700451344078726 0.3810103800956473 0.8155708029360802 0.4889697610673752 0.5709213018124766 9.729325229531378 1:1 2:1 30:1 39:1 42:1 
0.4265697872428685 0.2763480784650663 0.4594855209191204 0 0.5765491987039623 32 2:1 24:1 27:1 32:1 
0 0 0.03925859416473487 1.715713063658211 6.576030600355233 0 2:1 17:1 
0 0 0.5186015367891568 0.5033793628348769 0.4819322921722082 0.4801964541813683 2:1 3:1 
0.3408851877801119 0 0 0 0.05153296810407113 0 2:1 3:1 38:1 
0 15.95758952950523 0 0 0 0 2:1 17:1 18:1 38:1 
0.08488973859568058 19.13030765174892 0 0 0 0 2:1 17:1 18:1 38:1 
0 0 0 21.69011413541065 0 0 2:1 
0 0 29.06311276312832 32 0 0 2:1 
0 0 32 32 0 4.723333271466567 2:1 
5.397111179920758 0 0.1752443145746713 0 0 0.1260273709467288 2:1 38:1 
-0.04425925377955719 0 0 0 0 0 8:1 23:1 32:1 
-0.06476915195666894 0 0 0 0 0 8:1 23:1 38:1 
-0 0 0 0 22.7162021186929 0 8:1 17:1 18:1 32:1 
-2.55655514975211 0 0 0 0 0 8:1 16:1 17:1 18:1 38:1 
-10.9195431438532 13.86213057861393 0 6.559631400250613 0 0.907734282061045 8:1 16:1 17:1 18:1 38:1 
-4.496801131766221 1.262198004647326 0 0 2.685435496485777 0 8:1 23:1 32:1 
-0 16.27080730942687 0 0 0 0 8:1 16:1 17:1 18:1 32:1 
-18.28421434348821 32 0 6.523359496046435 0.5980503752835064 6.744419698169907 8:1 16:1 17:1 18:1 32:1 
-0 0 7.280919405930119 0 0.1490832170005195 4.693331112066801 8:1 32:1 
-0 0 32 32 0 16.43455454434827 8:1 
-6.592286359740443 0 7.305156600972671 0 0 0 8:1 38:1 
-0 2.092609926445957 0.4313143708980998 32 0 0 8:1 17:1 18:1 
-0 4.787779130110746 0 0 0 0 8:1 17:1 18:1 38:1 
-0.1141150662464757 27.89714668590387 0 0 0 0 8:1 17:1 18:1 38:1 
-0 0 6.44310281904388 10.42415208338936 5.925087988306587 6.950958755505779 8:1 17:1 
-0 0 0 4.696864285505862 0 0 8:1 23:1 
-0 30.76084594675422 7.285584102399523 32 19.215800721111 0.2465449365663216 8:1 23:1 
-0.1877981966034196 0 0.4146700573106405 0 0.2914539951957636 0.2710881854017787 8:1 17:1 45:1 
-2.35503648862857 0 0 0 0 0 8:1 23:1 45:1 
-0 0 0 0 0.6135840713117402 0 8:1 17:1 38:1 
-0.3544631464730009 1.330811722426477 0 0 0 0 8:1 23:1 38:1 
-20.21498024500981 0.529918059651539 0 0.503368273595857 0.3212128996329663 0.3787038988312179 8:1 23:1 45:1 
-0 -0 0 32 0 0 17:1 18:1 32:1 
-31.55723638595104 -18.79415219420773 0 32 0 0 17:1 18:1 38:1 
-0 -0 0 0 15.11904825726802 0 17:1 43:1 
-0 -0 0 12.30796467650193 32 0 17:1 43:1 
-1.501627123219287 -1.645169011751255 0 25.61117557577197 32 0 23:1 43:1 
-32 -32 32 32 0.6703634904544657 14.634336871803 23:1 
-0.1124973560562356 -0 32 32 29.72603194211698 10.60987124514868 43:1 
-0 -0 0 32 16.27050073153793 4.046702558763721 17:1 43:1 
-0 -0.4591993396672724 9.384761466248195 23.83328973033758 3.093204438929384 0 17:1 18:1 32:1 
-3.998626382684073 -15.76620512363909 9.112061029413869 23.42733106790987 0 0 17:1 18:1 38:1 
-1.173857931663725 -11.32299795796627 0 0 0 0 16:1 17:1 18:1 38:1 
-0 -0.683353900916039 0 0 0 0 16:1 17:1 18:1 32:1 
-19.55122344050531 -16.24658001788933 0 32 0 0 16:1 17:1 18:1 32:1 
-0 -0 0 32 0 0 16:1 17:1 18:1 38:1 
-30.23572314455025 -32 0 31.56788155520806 0.2948648487777959 14.65509522386524 16:1 17:1 18:1 32:1 
-10.70612379814903 -1.876589817943985 0.2464471444333795 32 0.1982098359246436 2.284416761167492 16:1 17:1 18:1 38:1 
-0 -0 -0 0.1234694071741004 0 0 13:1 
-0 -0 -0 32 0 0 13:1 
-0 -0 -19.65292142636924 32 0 0 13:1 
-31.18238809131862 -29.13186198504222 -32 32 14.57133456001578 2.171516793053766 13:1 
-32 -31.45896793349337 -30.35016511890296 31.94033582230647 32 32 13:1 
-1.33844035688853 -0.5699174380193378 -0.7401830948232472 0.510492313768097 0.6498599155998278 0.7141917652707992 13:1 30:1 
-32 -32 -32 -0.4579047232195922 31.12189962415426 0.7011369161443832 23:1 
-0.5237347065420159 -0.4982684002729548 -1.376422388958893 -0.4910268669308453 0.6708276574269048 0.7011369161443445 41:1 
-0.5091722583592252 -0.4982684002729548 -1.432311020419596 -0.4320930438675406 0.683393376431046 0.7202153024196931 11:1 
-0 -0 -32 -0 0 0 17:1 18:1 
-0 -0 -32 -0 0 0 17:1 18:1 
-0 -5.189923981326591 -32 -0 0 0 17:1 18:1 
-2.975913248951477 -31.77419643834373 -32 -0 26.04876974280517 0 17:1 18:1 
-0 -0 -32 -0 0 0 16:1 17:1 18:1 
-0 -0 -32 -0 0 0 16:1 17:1 18:1 
-0 -0 -32 -0 0 0 16:1 17:1 18:1 
-6.625750181712449 -13.39104523277129 -32 -0.4735318044160844 0.7122391195203727 12.99908345719621 16:1 17:1 18:1 
-0 -0 -0 -32 0 0 
-32 -0 -24.00667982742488 -32 0 0 
-32 -32 -32 -32 8.710526534178411 2.028062772821063 
-21.8051784870825 -8.808918025344624 -24.56252517817584 -30.26183638159501 9.41590926699554 32 
-0.5336189713334611 -0.5467550604559872 -1.369704190750208 -0.4579047232195901 0.6894623385104222 0.6935499793099233 28:1 
-0 -0 -15.6207130441989 -0 -0 0 15:1 17:1 43:1 
-0 -0 -32 -0 -0 0 15:1 17:1 43:1 
-3.701577256317075 -4.108261727432808 -16.09109565614585 -0 -1.088255640064464 0 15:1 17:1 43:1 
-4.122203836626649 -2.959427925666491 -0 -11.61702924920117 -0 12.83380493515545 15:1 17:1 31:1 32:1 
-22.04013117611086 -23.19696831742097 -3.269249049026223 -0.3644259187583364 -26.15274079266445 0.6048502358047402 15:1 17:1 18:1 31:1 32:1 
-0 -0 -13.30118813204255 -0 -0 0 15:1 43:1 
-0 -0.01847708576812145 -0 -2.866808836744617 -13.86958191468262 0 15:1 43:1 
-2.791397905975129 -0.1109470362785007 -16.16753476987622 -32 -6.030349614400648 17.47945647622577 15:1 43:1 
-0 -0 -1.003497573479387 -0 -0 0 15:1 23:1 43:1 
-19.87487760525992 -22.12182879045385 -31.91894532024006 -0.372930470911487 -30.91209969820993 0.6268181797431046 15:1 23:1 43:1 
-0 -0 -0 -12.68092224982092 -15.00101585085323 -0 9:1 12:1 24:1 27:1 
-0 -14.6510060164122 -20.70268713985824 -8.790196853182362 -18.89203825560122 -10.91069244344158 9:1 12:1 16:1 17:1 39:1 
-11.64556470985917 -0.06022379834054537 -0 -0.1773832310860173 -0.2602940277514368 -0 9:1 24:1 27:1 39:1 
-13.12357029756768 -10.86837357847173 -12.40819700190083 -12.95931499366982 -15.34928158442932 -9.71134533432198 9:1 24:1 39:1 42:1 
-23.68188402306189 -11.04773201972664 -13.11953851898908 -0.2778912305654492 -0.3405556254004241 -10.9228920491655 9:1 12:1 24:1 27:1 32:1 
