labels 10 0 -3
10 0.848994 0.100755 0.050251
0 0.047944 0.891943 0.0601134
10 0.848994 0.100755 0.050251
10 0.848994 0.100755 0.050251
0 0.0479456 0.891933 0.0601214
0 0.0479807 0.891891 0.060128
-3 0.114175 0.25327 0.632555
0 0.0479825 0.891899 0.0601187
0 0.0479831 0.891894 0.0601232
0 0.0479807 0.891891 0.060128
-3 0.114175 0.25327 0.632555
0 0.0479825 0.891899 0.0601187
10 0.872205 0.0811594 0.0466353
10 0.844637 0.100855 0.0545084
10 0.844637 0.100855 0.0545084
10 0.844637 0.100855 0.0545084
10 0.882458 0.071365 0.046177
10 0.869146 0.0814621 0.0493921
10 0.869146 0.0814621 0.0493921
